221 404
5 10
100 200
1 0 0
1 0 1
1 0 2
1 0 3
1 0 4
1 0 5
1 0 6
1 0 7
1 0 8
1 0 9
1 0 10
1 0 11
1 0 12
1 0 13
1 0 14
1 0 15
1 0 16
1 0 17
1 0 18
1 0 19
1 0 20
1 0 21
1 0 22
1 0 23
1 0 24
1 0 25
1 0 26
1 0 27
1 0 28
1 0 29
1 0 30
1 0 31
1 0 32
1 0 33
1 0 34
1 0 35
1 0 36
1 0 37
1 0 38
1 0 39
1 0 40
1 0 41
1 0 42
1 0 43
1 0 44
1 0 45
1 0 46
1 0 47
1 0 48
1 0 49
1 0 50
1 0 51
1 0 52
1 0 53
1 0 54
1 0 55
1 0 56
1 0 57
1 0 58
1 0 59
1 0 60
1 0 61
1 0 62
1 0 63
1 0 64
1 0 65
1 0 66
1 0 67
1 0 68
1 0 69
1 0 70
1 0 71
1 0 72
1 0 73
1 0 74
1 0 75
1 0 76
1 0 77
1 0 78
1 0 79
1 0 80
1 0 81
1 0 82
1 0 83
1 0 84
1 0 85
1 0 86
1 0 87
1 0 88
1 0 89
1 0 90
1 0 91
1 0 92
1 0 93
1 0 94
1 0 95
1 0 96
1 0 97
1 0 98
1 0 99
1 0 100
1 0 101
1 0 102
1 0 103
1 0 104
1 0 105
1 0 106
1 0 107
1 0 108
1 0 109
1 0 110
1 0 111
1 0 112
1 0 113
1 0 114
1 0 115
1 0 116
1 0 117
1 0 118
1 0 119
1 0 120
1 0 121
1 0 122
1 0 123
1 0 124
1 0 125
1 0 126
1 0 127
1 0 128
1 0 129
1 0 130
1 0 131
1 0 132
1 0 133
1 0 134
1 0 135
1 0 136
1 0 137
1 0 138
1 0 139
1 0 140
1 0 141
1 0 142
1 0 143
1 0 144
1 0 145
1 0 146
1 0 147
1 0 148
1 0 149
1 0 150
1 0 151
1 0 152
1 0 153
1 0 154
1 0 155
1 0 156
1 0 157
1 0 158
1 0 159
1 0 160
1 0 161
1 0 162
1 0 163
1 0 164
1 0 165
1 0 166
1 0 167
1 0 168
1 0 169
1 0 170
1 0 171
1 0 172
1 0 173
1 0 174
1 0 175
1 0 176
1 0 177
1 0 178
1 0 179
1 0 180
1 0 181
1 0 182
1 0 183
1 0 184
1 0 185
1 0 186
1 0 187
1 0 188
1 0 189
1 0 190
1 0 191
1 0 192
1 0 193
1 0 194
1 0 195
1 0 196
1 0 197
1 0 198
1 0 199
1 0 200
1 0 201
1 0 202
1 0 203
1 0 204
1 0 205
1 0 206
1 0 207
1 0 208
1 0 209
1 0 210
1 0 211
1 0 212
1 0 213
1 0 214
1 0 215
1 0 216
1 0 217
1 0 218
1 0 219
1 0 220
1 0 221
1 0 222
1 0 223
1 0 224
1 0 225
1 0 226
1 0 227
1 0 228
1 0 229
1 0 230
1 0 231
1 0 232
1 0 233
1 0 234
1 0 235
1 0 236
1 0 237
1 0 238
1 0 239
1 0 240
1 0 241
1 0 242
1 0 243
1 0 244
1 0 245
1 0 246
1 0 247
1 0 248
1 0 249
1 0 250
1 0 251
1 0 252
1 0 253
1 0 254
1 0 255
1 0 256
1 0 257
1 0 258
1 0 259
1 0 260
1 0 261
1 0 262
1 0 263
1 0 264
1 0 265
1 0 266
1 0 267
1 0 268
1 0 269
1 0 270
1 0 271
1 0 272
1 0 273
1 0 274
1 0 275
1 0 276
1 0 277
1 0 278
1 0 279
1 0 280
1 0 281
1 0 282
1 0 283
1 0 284
1 0 285
1 0 286
1 0 287
1 0 288
1 0 289
1 0 290
1 0 291
1 0 292
1 0 293
1 0 294
1 0 295
1 0 296
1 0 297
1 0 298
1 0 299
1 0 300
1 0 301
1 0 302
1 0 303
1 0 304
1 0 305
1 0 306
1 0 307
1 0 308
1 0 309
1 0 310
1 0 311
1 0 312
1 0 313
1 0 314
1 0 315
1 0 316
1 0 317
1 0 318
1 0 319
1 0 320
1 0 321
1 0 322
1 0 323
1 0 324
1 0 325
1 0 326
1 0 327
1 0 328
1 0 329
1 0 330
1 0 331
1 0 332
1 0 333
1 0 334
1 0 335
1 0 336
1 0 337
1 0 338
1 0 339
1 0 340
1 0 341
1 0 342
1 0 343
1 0 344
1 0 345
1 0 346
1 0 347
1 0 348
1 0 349
1 0 350
1 0 351
1 0 352
1 0 353
1 0 354
1 0 355
1 0 356
1 0 357
1 0 358
1 0 359
1 0 360
1 0 361
1 0 362
1 0 363
1 0 364
1 0 365
1 0 366
1 0 367
1 0 368
1 0 369
1 0 370
1 0 371
1 0 372
1 0 373
1 0 374
1 0 375
1 0 376
1 0 377
1 0 378
1 0 379
1 0 380
1 0 381
1 0 382
1 0 383
1 0 384
1 0 385
1 0 386
1 0 387
1 0 388
1 0 389
1 0 390
1 0 391
1 0 392
1 0 393
1 0 394
1 0 395
1 0 396
1 0 397
1 0 398
1 0 399
1 0 400
1 0 401
1 0 402
1 0 403
1 1 0
1 1 1
1 1 2
1 1 3
1 1 4
1 1 5
1 1 6
1 1 7
1 1 8
1 1 9
1 1 10
1 1 11
1 1 12
1 1 13
1 1 14
1 1 15
1 1 16
1 1 17
1 1 18
1 1 19
1 1 20
1 1 21
1 1 22
1 1 23
1 1 24
1 1 25
1 1 26
1 1 27
1 1 28
1 1 29
1 1 30
1 1 31
1 1 32
1 1 33
1 1 34
1 1 35
1 1 36
1 1 37
1 1 38
1 1 39
1 1 40
1 1 41
1 1 42
1 1 43
1 1 44
1 1 45
1 1 46
1 1 47
1 1 48
1 1 49
1 1 50
1 1 51
1 1 52
1 1 53
1 1 54
1 1 55
1 1 56
1 1 57
1 1 58
1 1 59
1 1 60
1 1 61
1 1 62
1 1 63
1 1 64
1 1 65
1 1 66
1 1 67
1 1 68
1 1 69
1 1 70
1 1 71
1 1 72
1 1 73
1 1 74
1 1 75
1 1 76
1 1 77
1 1 78
1 1 79
1 1 80
1 1 81
1 1 82
1 1 83
1 1 84
1 1 85
1 1 86
1 1 87
1 1 88
1 1 89
1 1 90
1 1 91
1 1 92
1 1 93
1 1 94
1 1 95
1 1 96
1 1 97
1 1 98
1 1 99
1 1 100
1 1 101
1 1 102
1 1 103
1 1 104
1 1 105
1 1 106
1 1 107
1 1 108
1 1 109
1 1 110
1 1 111
1 1 112
1 1 113
1 1 114
1 1 115
1 1 116
1 1 117
1 1 118
1 1 119
1 1 120
1 1 121
1 1 122
1 1 123
1 1 124
1 1 125
1 1 126
1 1 127
1 1 128
1 1 129
1 1 130
1 1 131
1 1 132
1 1 133
1 1 134
1 1 135
1 1 136
1 1 137
1 1 138
1 1 139
1 1 140
1 1 141
1 1 142
1 1 143
1 1 144
1 1 145
1 1 146
1 1 147
1 1 148
1 1 149
1 1 150
1 1 151
1 1 152
1 1 153
1 1 154
1 1 155
1 1 156
1 1 157
1 1 158
1 1 159
1 1 160
1 1 161
1 1 162
1 1 163
1 1 164
1 1 165
1 1 166
1 1 167
1 1 168
1 1 169
1 1 170
1 1 171
1 1 172
1 1 173
1 1 174
1 1 175
1 1 176
1 1 177
1 1 178
1 1 179
1 1 180
1 1 181
1 1 182
1 1 183
1 1 184
1 1 185
1 1 186
1 1 187
1 1 188
1 1 189
1 1 190
1 1 191
1 1 192
1 1 193
1 1 194
1 1 195
1 1 196
1 1 197
1 1 198
1 1 199
1 1 200
1 1 201
1 1 202
1 1 203
1 1 204
1 1 205
1 1 206
1 1 207
1 1 208
1 1 209
1 1 210
1 1 211
1 1 212
1 1 213
1 1 214
1 1 215
1 1 216
1 1 217
1 1 218
1 1 219
1 1 220
1 1 221
1 1 222
1 1 223
1 1 224
1 1 225
1 1 226
1 1 227
1 1 228
1 1 229
1 1 230
1 1 231
1 1 232
1 1 233
1 1 234
1 1 235
1 1 236
1 1 237
1 1 238
1 1 239
1 1 240
1 1 241
1 1 242
1 1 243
1 1 244
1 1 245
1 1 246
1 1 247
1 1 248
1 1 249
1 1 250
1 1 251
1 1 252
1 1 253
1 1 254
1 1 255
1 1 256
1 1 257
1 1 258
1 1 259
1 1 260
1 1 261
1 1 262
1 1 263
1 1 264
1 1 265
1 1 266
1 1 267
1 1 268
1 1 269
1 1 270
1 1 271
1 1 272
1 1 273
1 1 274
1 1 275
1 1 276
1 1 277
1 1 278
1 1 279
1 1 280
1 1 281
1 1 282
1 1 283
1 1 284
1 1 285
1 1 286
1 1 287
1 1 288
1 1 289
1 1 290
1 1 291
1 1 292
1 1 293
1 1 294
1 1 295
1 1 296
1 1 297
1 1 298
1 1 299
1 1 300
1 1 301
1 1 302
1 1 303
1 1 304
1 1 305
1 1 306
1 1 307
1 1 308
1 1 309
1 1 310
1 1 311
1 1 312
1 1 313
1 1 314
1 1 315
1 1 316
1 1 317
1 1 318
1 1 319
1 1 320
1 1 321
1 1 322
1 1 323
1 1 324
1 1 325
1 1 326
1 1 327
1 1 328
1 1 329
1 1 330
1 1 331
1 1 332
1 1 333
1 1 334
1 1 335
1 1 336
1 1 337
1 1 338
1 1 339
1 1 340
1 1 341
1 1 342
1 1 343
1 1 344
1 1 345
1 1 346
1 1 347
1 1 348
1 1 349
1 1 350
1 1 351
1 1 352
1 1 353
1 1 354
1 1 355
1 1 356
1 1 357
1 1 358
1 1 359
1 1 360
1 1 361
1 1 362
1 1 363
1 1 364
1 1 365
1 1 366
1 1 367
1 1 368
1 1 369
1 1 370
1 1 371
1 1 372
1 1 373
1 1 374
1 1 375
1 1 376
1 1 377
1 1 378
1 1 379
1 1 380
1 1 381
1 1 382
1 1 383
1 1 384
1 1 385
1 1 386
1 1 387
1 1 388
1 1 389
1 1 390
1 1 391
1 1 392
1 1 393
1 1 394
1 1 395
1 1 396
1 1 397
1 1 398
1 1 399
1 1 400
1 1 401
1 1 402
1 1 403
1 2 0
1 2 1
1 2 2
1 2 3
1 2 4
1 2 5
1 2 6
1 2 7
1 2 8
1 2 9
1 2 10
1 2 11
1 2 12
1 2 13
1 2 14
1 2 15
1 2 16
1 2 17
1 2 18
1 2 19
1 2 20
1 2 21
1 2 22
1 2 23
1 2 24
1 2 25
1 2 26
1 2 27
1 2 28
1 2 29
1 2 30
1 2 31
1 2 32
1 2 33
1 2 34
1 2 35
1 2 36
1 2 37
1 2 38
1 2 39
1 2 40
1 2 41
1 2 42
1 2 43
1 2 44
1 2 45
1 2 46
1 2 47
1 2 48
1 2 49
1 2 50
1 2 51
1 2 52
1 2 53
1 2 54
1 2 55
1 2 56
1 2 57
1 2 58
1 2 59
1 2 60
1 2 61
1 2 62
1 2 63
1 2 64
1 2 65
1 2 66
1 2 67
1 2 68
1 2 69
1 2 70
1 2 71
1 2 72
1 2 73
1 2 74
1 2 75
1 2 76
1 2 77
1 2 78
1 2 79
1 2 80
1 2 81
1 2 82
1 2 83
1 2 84
1 2 85
1 2 86
1 2 87
1 2 88
1 2 89
1 2 90
1 2 91
1 2 92
1 2 93
1 2 94
1 2 95
1 2 96
1 2 97
1 2 98
1 2 99
1 2 100
1 2 101
1 2 102
1 2 103
1 2 104
1 2 105
1 2 106
1 2 107
1 2 108
1 2 109
1 2 110
1 2 111
1 2 112
1 2 113
1 2 114
1 2 115
1 2 116
1 2 117
1 2 118
1 2 119
1 2 120
1 2 121
1 2 122
1 2 123
1 2 124
1 2 125
1 2 126
1 2 127
1 2 128
1 2 129
1 2 130
1 2 131
1 2 132
1 2 133
1 2 134
1 2 135
1 2 136
1 2 137
1 2 138
1 2 139
1 2 140
1 2 141
1 2 142
1 2 143
1 2 144
1 2 145
1 2 146
1 2 147
1 2 148
1 2 149
1 2 150
1 2 151
1 2 152
1 2 153
1 2 154
1 2 155
1 2 156
1 2 157
1 2 158
1 2 159
1 2 160
1 2 161
1 2 162
1 2 163
1 2 164
1 2 165
1 2 166
1 2 167
1 2 168
1 2 169
1 2 170
1 2 171
1 2 172
1 2 173
1 2 174
1 2 175
1 2 176
1 2 177
1 2 178
1 2 179
1 2 180
1 2 181
1 2 182
1 2 183
1 2 184
1 2 185
1 2 186
1 2 187
1 2 188
1 2 189
1 2 190
1 2 191
1 2 192
1 2 193
1 2 194
1 2 195
1 2 196
1 2 197
1 2 198
1 2 199
1 2 200
1 2 201
1 2 202
1 2 203
1 2 204
1 2 205
1 2 206
1 2 207
1 2 208
1 2 209
1 2 210
1 2 211
1 2 212
1 2 213
1 2 214
1 2 215
1 2 216
1 2 217
1 2 218
1 2 219
1 2 220
1 2 221
1 2 222
1 2 223
1 2 224
1 2 225
1 2 226
1 2 227
1 2 228
1 2 229
1 2 230
1 2 231
1 2 232
1 2 233
1 2 234
1 2 235
1 2 236
1 2 237
1 2 238
1 2 239
1 2 240
1 2 241
1 2 242
1 2 243
1 2 244
1 2 245
1 2 246
1 2 247
1 2 248
1 2 249
1 2 250
1 2 251
1 2 252
1 2 253
1 2 254
1 2 255
1 2 256
1 2 257
1 2 258
1 2 259
1 2 260
1 2 261
1 2 262
1 2 263
1 2 264
1 2 265
1 2 266
1 2 267
1 2 268
1 2 269
1 2 270
1 2 271
1 2 272
1 2 273
1 2 274
1 2 275
1 2 276
1 2 277
1 2 278
1 2 279
1 2 280
1 2 281
1 2 282
1 2 283
1 2 284
1 2 285
1 2 286
1 2 287
1 2 288
1 2 289
1 2 290
1 2 291
1 2 292
1 2 293
1 2 294
1 2 295
1 2 296
1 2 297
1 2 298
1 2 299
1 2 300
1 2 301
1 2 302
1 2 303
1 2 304
1 2 305
1 2 306
1 2 307
1 2 308
1 2 309
1 2 310
1 2 311
1 2 312
1 2 313
1 2 314
1 2 315
1 2 316
1 2 317
1 2 318
1 2 319
1 2 320
1 2 321
1 2 322
1 2 323
1 2 324
1 2 325
1 2 326
1 2 327
1 2 328
1 2 329
1 2 330
1 2 331
1 2 332
1 2 333
1 2 334
1 2 335
1 2 336
1 2 337
1 2 338
1 2 339
1 2 340
1 2 341
1 2 342
1 2 343
1 2 344
1 2 345
1 2 346
1 2 347
1 2 348
1 2 349
1 2 350
1 2 351
1 2 352
1 2 353
1 2 354
1 2 355
1 2 356
1 2 357
1 2 358
1 2 359
1 2 360
1 2 361
1 2 362
1 2 363
1 2 364
1 2 365
1 2 366
1 2 367
1 2 368
1 2 369
1 2 370
1 2 371
1 2 372
1 2 373
1 2 374
1 2 375
1 2 376
1 2 377
1 2 378
1 2 379
1 2 380
1 2 381
1 2 382
1 2 383
1 2 384
1 2 385
1 2 386
1 2 387
1 2 388
1 2 389
1 2 390
1 2 391
1 2 392
1 2 393
1 2 394
1 2 395
1 2 396
1 2 397
1 2 398
1 2 399
1 2 400
1 2 401
1 2 402
1 2 403
1 3 0
1 3 1
1 3 2
1 3 3
1 3 4
1 3 5
1 3 6
1 3 7
1 3 8
1 3 9
1 3 10
1 3 11
1 3 12
1 3 13
1 3 14
1 3 15
1 3 16
1 3 17
1 3 18
1 3 19
1 3 20
1 3 21
1 3 22
1 3 23
1 3 24
1 3 25
1 3 26
1 3 27
1 3 28
1 3 29
1 3 30
1 3 31
1 3 32
1 3 33
1 3 34
1 3 35
1 3 36
1 3 37
1 3 38
1 3 39
1 3 40
1 3 41
1 3 42
1 3 43
1 3 44
1 3 45
1 3 46
1 3 47
1 3 48
1 3 49
1 3 50
1 3 51
1 3 52
1 3 53
1 3 54
1 3 55
1 3 56
1 3 57
1 3 58
1 3 59
1 3 60
1 3 61
1 3 62
1 3 63
1 3 64
1 3 65
1 3 66
1 3 67
1 3 68
1 3 69
1 3 70
1 3 71
1 3 72
1 3 73
1 3 74
1 3 75
1 3 76
1 3 77
1 3 78
1 3 79
1 3 80
1 3 81
1 3 82
1 3 83
1 3 84
1 3 85
1 3 86
1 3 87
1 3 88
1 3 89
1 3 90
1 3 91
1 3 92
1 3 93
1 3 94
1 3 95
1 3 96
1 3 97
1 3 98
1 3 99
1 3 100
1 3 101
1 3 102
1 3 103
1 3 104
1 3 105
1 3 106
1 3 107
1 3 108
1 3 109
1 3 110
1 3 111
1 3 112
1 3 113
1 3 114
1 3 115
1 3 116
1 3 117
1 3 118
1 3 119
1 3 120
1 3 121
1 3 122
1 3 123
1 3 124
1 3 125
1 3 126
1 3 127
1 3 128
1 3 129
1 3 130
1 3 131
1 3 132
1 3 133
1 3 134
1 3 135
1 3 136
1 3 137
1 3 138
1 3 139
1 3 140
1 3 141
1 3 142
1 3 143
1 3 144
1 3 145
1 3 146
1 3 147
1 3 148
1 3 149
1 3 150
1 3 151
1 3 152
1 3 153
1 3 154
1 3 155
1 3 156
1 3 157
1 3 158
1 3 159
1 3 160
1 3 161
1 3 162
1 3 163
1 3 164
1 3 165
1 3 166
1 3 167
1 3 168
1 3 169
1 3 170
1 3 171
1 3 172
1 3 173
1 3 174
1 3 175
1 3 176
1 3 177
1 3 178
1 3 179
1 3 180
1 3 181
1 3 182
1 3 183
1 3 184
1 3 185
1 3 186
1 3 187
1 3 188
1 3 189
1 3 190
1 3 191
1 3 192
1 3 193
1 3 194
1 3 195
1 3 196
1 3 197
1 3 198
1 3 199
1 3 200
1 3 201
1 3 202
1 3 401
1 3 402
1 3 403
1 4 0
1 4 401
1 4 402
1 4 403
1 5 0
1 5 170
1 5 171
1 5 172
1 5 173
1 5 174
1 5 175
1 5 176
1 5 177
1 5 178
1 5 179
1 5 180
1 5 181
1 5 182
1 5 183
1 5 184
1 5 185
1 5 186
1 5 187
1 5 188
1 5 189
1 5 190
1 5 191
1 5 192
1 5 193
1 5 194
1 5 195
1 5 401
1 5 402
1 5 403
1 6 0
1 6 158
1 6 159
1 6 160
1 6 161
1 6 162
1 6 163
1 6 164
1 6 165
1 6 166
1 6 167
1 6 168
1 6 169
1 6 170
1 6 171
1 6 172
1 6 173
1 6 174
1 6 175
1 6 176
1 6 177
1 6 178
1 6 179
1 6 180
1 6 181
1 6 182
1 6 183
1 6 184
1 6 185
1 6 186
1 6 187
1 6 188
1 6 189
1 6 190
1 6 191
1 6 192
1 6 193
1 6 194
1 6 195
1 6 196
1 6 197
1 6 198
1 6 199
1 6 200
1 6 201
1 6 202
1 6 203
1 6 204
1 6 205
1 6 401
1 6 402
1 6 403
1 7 0
1 7 150
1 7 151
1 7 152
1 7 153
1 7 154
1 7 155
1 7 156
1 7 157
1 7 158
1 7 159
1 7 160
1 7 161
1 7 162
1 7 163
1 7 164
1 7 165
1 7 166
1 7 167
1 7 168
1 7 169
1 7 170
1 7 171
1 7 172
1 7 173
1 7 174
1 7 175
1 7 176
1 7 177
1 7 178
1 7 179
1 7 180
1 7 181
1 7 182
1 7 183
1 7 184
1 7 185
1 7 186
1 7 187
1 7 188
1 7 189
1 7 190
1 7 191
1 7 192
1 7 193
1 7 194
1 7 195
1 7 196
1 7 197
1 7 198
1 7 199
1 7 200
1 7 201
1 7 202
1 7 203
1 7 204
1 7 205
1 7 206
1 7 207
1 7 208
1 7 209
1 7 210
1 7 211
1 7 212
1 7 213
1 7 401
1 7 402
1 7 403
1 8 0
1 8 144
1 8 145
1 8 146
1 8 147
1 8 148
1 8 149
1 8 150
1 8 151
1 8 152
1 8 153
1 8 154
1 8 155
1 8 156
1 8 157
1 8 158
1 8 159
1 8 160
1 8 161
1 8 162
1 8 163
1 8 164
1 8 165
1 8 166
1 8 167
1 8 168
1 8 196
1 8 197
1 8 198
1 8 199
1 8 200
1 8 201
1 8 202
1 8 203
1 8 204
1 8 205
1 8 206
1 8 207
1 8 208
1 8 209
1 8 210
1 8 211
1 8 212
1 8 213
1 8 214
1 8 215
1 8 216
1 8 217
1 8 218
1 8 219
1 8 401
1 8 402
1 8 403
1 9 0
1 9 139
1 9 140
1 9 141
1 9 142
1 9 143
1 9 144
1 9 145
1 9 146
1 9 147
1 9 148
1 9 149
1 9 150
1 9 151
1 9 152
1 9 153
1 9 154
1 9 155
1 9 156
1 9 157
1 9 206
1 9 207
1 9 208
1 9 209
1 9 210
1 9 211
1 9 212
1 9 213
1 9 214
1 9 215
1 9 216
1 9 217
1 9 218
1 9 219
1 9 220
1 9 221
1 9 222
1 9 223
1 9 224
1 9 401
1 9 402
1 9 403
1 10 0
1 10 134
1 10 135
1 10 136
1 10 137
1 10 138
1 10 139
1 10 140
1 10 141
1 10 142
1 10 143
1 10 144
1 10 145
1 10 146
1 10 147
1 10 148
1 10 149
1 10 214
1 10 215
1 10 216
1 10 217
1 10 218
1 10 219
1 10 220
1 10 221
1 10 222
1 10 223
1 10 224
1 10 225
1 10 226
1 10 227
1 10 228
1 10 229
1 10 401
1 10 402
1 10 403
1 11 0
1 11 1
1 11 2
1 11 130
1 11 131
1 11 132
1 11 133
1 11 134
1 11 135
1 11 136
1 11 137
1 11 138
1 11 139
1 11 140
1 11 141
1 11 142
1 11 143
1 11 220
1 11 221
1 11 222
1 11 223
1 11 224
1 11 225
1 11 226
1 11 227
1 11 228
1 11 229
1 11 230
1 11 231
1 11 232
1 11 233
1 11 401
1 11 402
1 11 403
1 12 0
1 12 1
1 12 2
1 12 3
1 12 127
1 12 128
1 12 129
1 12 130
1 12 131
1 12 132
1 12 133
1 12 134
1 12 135
1 12 136
1 12 137
1 12 138
1 12 225
1 12 226
1 12 227
1 12 228
1 12 229
1 12 230
1 12 231
1 12 232
1 12 233
1 12 234
1 12 235
1 12 236
1 12 237
1 12 401
1 12 402
1 12 403
1 13 0
1 13 1
1 13 2
1 13 3
1 13 123
1 13 124
1 13 125
1 13 126
1 13 127
1 13 128
1 13 129
1 13 130
1 13 131
1 13 132
1 13 133
1 13 134
1 13 210
1 13 211
1 13 212
1 13 213
1 13 229
1 13 230
1 13 231
1 13 232
1 13 233
1 13 234
1 13 235
1 13 236
1 13 237
1 13 238
1 13 239
1 13 240
1 13 401
1 13 402
1 13 403
1 14 0
1 14 1
1 14 2
1 14 3
1 14 120
1 14 121
1 14 122
1 14 123
1 14 124
1 14 125
1 14 126
1 14 127
1 14 128
1 14 129
1 14 130
1 14 169
1 14 170
1 14 210
1 14 211
1 14 212
1 14 213
1 14 214
1 14 215
1 14 216
1 14 217
1 14 218
1 14 219
1 14 233
1 14 234
1 14 235
1 14 236
1 14 237
1 14 238
1 14 239
1 14 240
1 14 241
1 14 242
1 14 243
1 14 401
1 14 402
1 14 403
1 15 0
1 15 1
1 15 2
1 15 3
1 15 117
1 15 118
1 15 119
1 15 120
1 15 121
1 15 122
1 15 123
1 15 124
1 15 125
1 15 126
1 15 165
1 15 166
1 15 167
1 15 168
1 15 169
1 15 170
1 15 210
1 15 211
1 15 212
1 15 213
1 15 214
1 15 215
1 15 216
1 15 217
1 15 218
1 15 219
1 15 220
1 15 221
1 15 222
1 15 223
1 15 237
1 15 238
1 15 239
1 15 240
1 15 241
1 15 242
1 15 243
1 15 244
1 15 245
1 15 246
1 15 401
1 15 402
1 15 403
1 16 0
1 16 1
1 16 2
1 16 3
1 16 114
1 16 115
1 16 116
1 16 117
1 16 118
1 16 119
1 16 120
1 16 121
1 16 122
1 16 160
1 16 161
1 16 162
1 16 163
1 16 164
1 16 165
1 16 166
1 16 167
1 16 168
1 16 169
1 16 170
1 16 214
1 16 215
1 16 216
1 16 217
1 16 218
1 16 219
1 16 220
1 16 221
1 16 222
1 16 223
1 16 224
1 16 225
1 16 226
1 16 227
1 16 228
1 16 241
1 16 242
1 16 243
1 16 244
1 16 245
1 16 246
1 16 247
1 16 248
1 16 249
1 16 401
1 16 402
1 16 403
1 17 0
1 17 1
1 17 2
1 17 3
1 17 111
1 17 112
1 17 113
1 17 114
1 17 115
1 17 116
1 17 117
1 17 118
1 17 119
1 17 157
1 17 158
1 17 159
1 17 160
1 17 161
1 17 162
1 17 163
1 17 164
1 17 165
1 17 166
1 17 167
1 17 168
1 17 169
1 17 220
1 17 221
1 17 222
1 17 223
1 17 224
1 17 225
1 17 226
1 17 227
1 17 228
1 17 229
1 17 230
1 17 231
1 17 244
1 17 245
1 17 246
1 17 247
1 17 248
1 17 249
1 17 250
1 17 251
1 17 252
1 17 401
1 17 402
1 17 403
1 18 0
1 18 1
1 18 2
1 18 3
1 18 108
1 18 109
1 18 110
1 18 111
1 18 112
1 18 113
1 18 114
1 18 115
1 18 116
1 18 154
1 18 155
1 18 156
1 18 157
1 18 158
1 18 159
1 18 160
1 18 161
1 18 162
1 18 163
1 18 164
1 18 224
1 18 225
1 18 226
1 18 227
1 18 228
1 18 229
1 18 230
1 18 231
1 18 232
1 18 233
1 18 234
1 18 247
1 18 248
1 18 249
1 18 250
1 18 251
1 18 252
1 18 253
1 18 254
1 18 255
1 18 401
1 18 402
1 18 403
1 19 0
1 19 1
1 19 2
1 19 3
1 19 106
1 19 107
1 19 108
1 19 109
1 19 110
1 19 111
1 19 112
1 19 113
1 19 151
1 19 152
1 19 153
1 19 154
1 19 155
1 19 156
1 19 157
1 19 158
1 19 159
1 19 160
1 19 228
1 19 229
1 19 230
1 19 231
1 19 232
1 19 233
1 19 234
1 19 235
1 19 236
1 19 237
1 19 250
1 19 251
1 19 252
1 19 253
1 19 254
1 19 255
1 19 256
1 19 257
1 19 401
1 19 402
1 19 403
1 20 0
1 20 1
1 20 2
1 20 3
1 20 104
1 20 105
1 20 106
1 20 107
1 20 108
1 20 109
1 20 110
1 20 148
1 20 149
1 20 150
1 20 151
1 20 152
1 20 153
1 20 154
1 20 155
1 20 156
1 20 157
1 20 231
1 20 232
1 20 233
1 20 234
1 20 235
1 20 236
1 20 237
1 20 238
1 20 239
1 20 240
1 20 253
1 20 254
1 20 255
1 20 256
1 20 257
1 20 258
1 20 259
1 20 401
1 20 402
1 20 403
1 21 0
1 21 1
1 21 2
1 21 3
1 21 101
1 21 102
1 21 103
1 21 104
1 21 105
1 21 106
1 21 107
1 21 108
1 21 146
1 21 147
1 21 148
1 21 149
1 21 150
1 21 151
1 21 152
1 21 153
1 21 154
1 21 235
1 21 236
1 21 237
1 21 238
1 21 239
1 21 240
1 21 241
1 21 242
1 21 255
1 21 256
1 21 257
1 21 258
1 21 259
1 21 260
1 21 261
1 21 262
1 21 401
1 21 402
1 21 403
1 22 0
1 22 1
1 22 2
1 22 3
1 22 99
1 22 100
1 22 101
1 22 102
1 22 103
1 22 104
1 22 105
1 22 106
1 22 143
1 22 144
1 22 145
1 22 146
1 22 147
1 22 148
1 22 149
1 22 150
1 22 151
1 22 238
1 22 239
1 22 240
1 22 241
1 22 242
1 22 243
1 22 244
1 22 245
1 22 258
1 22 259
1 22 260
1 22 261
1 22 262
1 22 263
1 22 264
1 22 401
1 22 402
1 22 403
1 23 0
1 23 1
1 23 2
1 23 3
1 23 97
1 23 98
1 23 99
1 23 100
1 23 101
1 23 102
1 23 103
1 23 141
1 23 142
1 23 143
1 23 144
1 23 145
1 23 146
1 23 147
1 23 148
1 23 240
1 23 241
1 23 242
1 23 243
1 23 244
1 23 245
1 23 246
1 23 247
1 23 260
1 23 261
1 23 262
1 23 263
1 23 264
1 23 265
1 23 266
1 23 401
1 23 402
1 23 403
1 24 0
1 24 1
1 24 2
1 24 3
1 24 95
1 24 96
1 24 97
1 24 98
1 24 99
1 24 100
1 24 101
1 24 139
1 24 140
1 24 141
1 24 142
1 24 143
1 24 144
1 24 145
1 24 146
1 24 243
1 24 244
1 24 245
1 24 246
1 24 247
1 24 248
1 24 249
1 24 262
1 24 263
1 24 264
1 24 265
1 24 266
1 24 267
1 24 268
1 24 401
1 24 402
1 24 403
1 25 0
1 25 1
1 25 2
1 25 3
1 25 93
1 25 94
1 25 95
1 25 96
1 25 97
1 25 98
1 25 99
1 25 137
1 25 138
1 25 139
1 25 140
1 25 141
1 25 142
1 25 143
1 25 245
1 25 246
1 25 247
1 25 248
1 25 249
1 25 250
1 25 251
1 25 265
1 25 266
1 25 267
1 25 268
1 25 269
1 25 270
1 25 401
1 25 402
1 25 403
1 26 0
1 26 1
1 26 2
1 26 3
1 26 91
1 26 92
1 26 93
1 26 94
1 26 95
1 26 96
1 26 135
1 26 136
1 26 137
1 26 138
1 26 139
1 26 140
1 26 141
1 26 247
1 26 248
1 26 249
1 26 250
1 26 251
1 26 252
1 26 253
1 26 267
1 26 268
1 26 269
1 26 270
1 26 271
1 26 272
1 26 401
1 26 402
1 26 403
1 27 0
1 27 1
1 27 2
1 27 3
1 27 89
1 27 90
1 27 91
1 27 92
1 27 93
1 27 94
1 27 95
1 27 133
1 27 134
1 27 135
1 27 136
1 27 137
1 27 138
1 27 139
1 27 249
1 27 250
1 27 251
1 27 252
1 27 253
1 27 254
1 27 255
1 27 269
1 27 270
1 27 271
1 27 272
1 27 273
1 27 274
1 27 401
1 27 402
1 27 403
1 28 0
1 28 1
1 28 2
1 28 3
1 28 87
1 28 88
1 28 89
1 28 90
1 28 91
1 28 92
1 28 93
1 28 131
1 28 132
1 28 133
1 28 134
1 28 135
1 28 136
1 28 137
1 28 251
1 28 252
1 28 253
1 28 254
1 28 255
1 28 256
1 28 257
1 28 270
1 28 271
1 28 272
1 28 273
1 28 274
1 28 275
1 28 276
1 28 401
1 28 402
1 28 403
1 29 0
1 29 1
1 29 2
1 29 3
1 29 85
1 29 86
1 29 87
1 29 88
1 29 89
1 29 90
1 29 91
1 29 129
1 29 130
1 29 131
1 29 132
1 29 133
1 29 134
1 29 135
1 29 253
1 29 254
1 29 255
1 29 256
1 29 257
1 29 258
1 29 259
1 29 272
1 29 273
1 29 274
1 29 275
1 29 276
1 29 277
1 29 278
1 29 401
1 29 402
1 29 403
1 30 0
1 30 1
1 30 2
1 30 3
1 30 84
1 30 85
1 30 86
1 30 87
1 30 88
1 30 89
1 30 128
1 30 129
1 30 130
1 30 131
1 30 132
1 30 133
1 30 255
1 30 256
1 30 257
1 30 258
1 30 259
1 30 260
1 30 274
1 30 275
1 30 276
1 30 277
1 30 278
1 30 279
1 30 401
1 30 402
1 30 403
1 31 0
1 31 1
1 31 2
1 31 3
1 31 82
1 31 83
1 31 84
1 31 85
1 31 86
1 31 87
1 31 126
1 31 127
1 31 128
1 31 129
1 31 130
1 31 131
1 31 257
1 31 258
1 31 259
1 31 260
1 31 261
1 31 262
1 31 276
1 31 277
1 31 278
1 31 279
1 31 280
1 31 281
1 31 401
1 31 402
1 31 403
1 32 0
1 32 1
1 32 2
1 32 81
1 32 82
1 32 83
1 32 84
1 32 85
1 32 125
1 32 126
1 32 127
1 32 128
1 32 129
1 32 259
1 32 260
1 32 261
1 32 262
1 32 263
1 32 278
1 32 279
1 32 280
1 32 281
1 32 282
1 32 401
1 32 402
1 32 403
1 33 0
1 33 1
1 33 2
1 33 79
1 33 80
1 33 81
1 33 82
1 33 83
1 33 84
1 33 123
1 33 124
1 33 125
1 33 126
1 33 127
1 33 128
1 33 260
1 33 261
1 33 262
1 33 263
1 33 264
1 33 265
1 33 279
1 33 280
1 33 281
1 33 282
1 33 283
1 33 284
1 33 401
1 33 402
1 33 403
1 34 0
1 34 1
1 34 2
1 34 77
1 34 78
1 34 79
1 34 80
1 34 81
1 34 82
1 34 122
1 34 123
1 34 124
1 34 125
1 34 126
1 34 262
1 34 263
1 34 264
1 34 265
1 34 266
1 34 281
1 34 282
1 34 283
1 34 284
1 34 285
1 34 286
1 34 401
1 34 402
1 34 403
1 35 0
1 35 1
1 35 2
1 35 76
1 35 77
1 35 78
1 35 79
1 35 80
1 35 120
1 35 121
1 35 122
1 35 123
1 35 124
1 35 125
1 35 263
1 35 264
1 35 265
1 35 266
1 35 267
1 35 268
1 35 283
1 35 284
1 35 285
1 35 286
1 35 287
1 35 401
1 35 402
1 35 403
1 36 0
1 36 1
1 36 2
1 36 74
1 36 75
1 36 76
1 36 77
1 36 78
1 36 79
1 36 119
1 36 120
1 36 121
1 36 122
1 36 123
1 36 265
1 36 266
1 36 267
1 36 268
1 36 269
1 36 284
1 36 285
1 36 286
1 36 287
1 36 288
1 36 289
1 36 401
1 36 402
1 36 403
1 37 0
1 37 1
1 37 2
1 37 73
1 37 74
1 37 75
1 37 76
1 37 77
1 37 118
1 37 119
1 37 120
1 37 121
1 37 122
1 37 266
1 37 267
1 37 268
1 37 269
1 37 270
1 37 286
1 37 287
1 37 288
1 37 289
1 37 290
1 37 401
1 37 402
1 37 403
1 38 0
1 38 1
1 38 2
1 38 72
1 38 73
1 38 74
1 38 75
1 38 76
1 38 117
1 38 118
1 38 119
1 38 120
1 38 201
1 38 202
1 38 203
1 38 204
1 38 205
1 38 206
1 38 207
1 38 208
1 38 209
1 38 210
1 38 211
1 38 212
1 38 213
1 38 214
1 38 215
1 38 216
1 38 217
1 38 268
1 38 269
1 38 270
1 38 271
1 38 287
1 38 288
1 38 289
1 38 290
1 38 291
1 38 401
1 38 402
1 38 403
1 39 0
1 39 1
1 39 2
1 39 70
1 39 71
1 39 72
1 39 73
1 39 74
1 39 115
1 39 116
1 39 117
1 39 118
1 39 119
1 39 194
1 39 195
1 39 196
1 39 197
1 39 198
1 39 199
1 39 200
1 39 201
1 39 202
1 39 203
1 39 204
1 39 205
1 39 206
1 39 207
1 39 208
1 39 209
1 39 210
1 39 211
1 39 212
1 39 213
1 39 214
1 39 215
1 39 216
1 39 217
1 39 218
1 39 219
1 39 220
1 39 221
1 39 222
1 39 223
1 39 224
1 39 269
1 39 270
1 39 271
1 39 272
1 39 273
1 39 289
1 39 290
1 39 291
1 39 292
1 39 293
1 39 401
1 39 402
1 39 403
1 40 0
1 40 1
1 40 2
1 40 69
1 40 70
1 40 71
1 40 72
1 40 73
1 40 114
1 40 115
1 40 116
1 40 117
1 40 118
1 40 190
1 40 191
1 40 192
1 40 193
1 40 194
1 40 195
1 40 196
1 40 197
1 40 198
1 40 199
1 40 200
1 40 201
1 40 202
1 40 203
1 40 204
1 40 205
1 40 206
1 40 207
1 40 208
1 40 209
1 40 210
1 40 211
1 40 212
1 40 213
1 40 214
1 40 215
1 40 216
1 40 217
1 40 218
1 40 219
1 40 220
1 40 221
1 40 222
1 40 223
1 40 224
1 40 225
1 40 226
1 40 227
1 40 228
1 40 270
1 40 271
1 40 272
1 40 273
1 40 274
1 40 290
1 40 291
1 40 292
1 40 293
1 40 294
1 40 401
1 40 402
1 40 403
1 41 0
1 41 1
1 41 2
1 41 68
1 41 69
1 41 70
1 41 71
1 41 72
1 41 113
1 41 114
1 41 115
1 41 116
1 41 117
1 41 186
1 41 187
1 41 188
1 41 189
1 41 190
1 41 191
1 41 192
1 41 193
1 41 194
1 41 195
1 41 196
1 41 197
1 41 198
1 41 199
1 41 200
1 41 218
1 41 219
1 41 220
1 41 221
1 41 222
1 41 223
1 41 224
1 41 225
1 41 226
1 41 227
1 41 228
1 41 229
1 41 230
1 41 231
1 41 232
1 41 271
1 41 272
1 41 273
1 41 274
1 41 275
1 41 291
1 41 292
1 41 293
1 41 294
1 41 295
1 41 401
1 41 402
1 41 403
1 42 0
1 42 1
1 42 2
1 42 67
1 42 68
1 42 69
1 42 70
1 42 112
1 42 113
1 42 114
1 42 115
1 42 183
1 42 184
1 42 185
1 42 186
1 42 187
1 42 188
1 42 189
1 42 190
1 42 191
1 42 192
1 42 193
1 42 194
1 42 225
1 42 226
1 42 227
1 42 228
1 42 229
1 42 230
1 42 231
1 42 232
1 42 233
1 42 234
1 42 235
1 42 273
1 42 274
1 42 275
1 42 276
1 42 293
1 42 294
1 42 295
1 42 296
1 42 297
1 42 401
1 42 402
1 42 403
1 43 0
1 43 1
1 43 2
1 43 65
1 43 66
1 43 67
1 43 68
1 43 69
1 43 111
1 43 112
1 43 113
1 43 114
1 43 181
1 43 182
1 43 183
1 43 184
1 43 185
1 43 186
1 43 187
1 43 188
1 43 189
1 43 190
1 43 229
1 43 230
1 43 231
1 43 232
1 43 233
1 43 234
1 43 235
1 43 236
1 43 237
1 43 274
1 43 275
1 43 276
1 43 277
1 43 294
1 43 295
1 43 296
1 43 297
1 43 298
1 43 401
1 43 402
1 43 403
1 44 0
1 44 1
1 44 2
1 44 64
1 44 65
1 44 66
1 44 67
1 44 68
1 44 110
1 44 111
1 44 112
1 44 113
1 44 178
1 44 179
1 44 180
1 44 181
1 44 182
1 44 183
1 44 184
1 44 185
1 44 186
1 44 232
1 44 233
1 44 234
1 44 235
1 44 236
1 44 237
1 44 238
1 44 239
1 44 240
1 44 275
1 44 276
1 44 277
1 44 278
1 44 295
1 44 296
1 44 297
1 44 298
1 44 299
1 44 401
1 44 402
1 44 403
1 45 0
1 45 1
1 45 2
1 45 63
1 45 64
1 45 65
1 45 66
1 45 67
1 45 109
1 45 110
1 45 111
1 45 112
1 45 176
1 45 177
1 45 178
1 45 179
1 45 180
1 45 181
1 45 182
1 45 183
1 45 235
1 45 236
1 45 237
1 45 238
1 45 239
1 45 240
1 45 241
1 45 242
1 45 276
1 45 277
1 45 278
1 45 279
1 45 296
1 45 297
1 45 298
1 45 299
1 45 300
1 45 401
1 45 402
1 45 403
1 46 0
1 46 1
1 46 2
1 46 62
1 46 63
1 46 64
1 46 65
1 46 108
1 46 109
1 46 110
1 46 111
1 46 174
1 46 175
1 46 176
1 46 177
1 46 178
1 46 179
1 46 180
1 46 238
1 46 239
1 46 240
1 46 241
1 46 242
1 46 243
1 46 244
1 46 277
1 46 278
1 46 279
1 46 280
1 46 298
1 46 299
1 46 300
1 46 301
1 46 401
1 46 402
1 46 403
1 47 0
1 47 1
1 47 2
1 47 61
1 47 62
1 47 63
1 47 64
1 47 107
1 47 108
1 47 109
1 47 110
1 47 172
1 47 173
1 47 174
1 47 175
1 47 176
1 47 177
1 47 178
1 47 240
1 47 241
1 47 242
1 47 243
1 47 244
1 47 245
1 47 246
1 47 278
1 47 279
1 47 280
1 47 281
1 47 282
1 47 299
1 47 300
1 47 301
1 47 302
1 47 401
1 47 402
1 47 403
1 48 0
1 48 1
1 48 2
1 48 60
1 48 61
1 48 62
1 48 63
1 48 106
1 48 107
1 48 108
1 48 109
1 48 170
1 48 171
1 48 172
1 48 173
1 48 174
1 48 175
1 48 176
1 48 242
1 48 243
1 48 244
1 48 245
1 48 246
1 48 247
1 48 248
1 48 279
1 48 280
1 48 281
1 48 282
1 48 283
1 48 300
1 48 301
1 48 302
1 48 303
1 48 401
1 48 402
1 48 403
1 49 0
1 49 1
1 49 2
1 49 59
1 49 60
1 49 61
1 49 62
1 49 105
1 49 106
1 49 107
1 49 108
1 49 168
1 49 169
1 49 170
1 49 171
1 49 172
1 49 173
1 49 174
1 49 244
1 49 245
1 49 246
1 49 247
1 49 248
1 49 249
1 49 250
1 49 280
1 49 281
1 49 282
1 49 283
1 49 301
1 49 302
1 49 303
1 49 304
1 49 401
1 49 402
1 49 403
1 50 0
1 50 1
1 50 2
1 50 58
1 50 59
1 50 60
1 50 61
1 50 104
1 50 105
1 50 106
1 50 107
1 50 167
1 50 168
1 50 169
1 50 170
1 50 171
1 50 172
1 50 246
1 50 247
1 50 248
1 50 249
1 50 250
1 50 251
1 50 281
1 50 282
1 50 283
1 50 284
1 50 302
1 50 303
1 50 304
1 50 305
1 50 401
1 50 402
1 50 403
1 51 0
1 51 1
1 51 2
1 51 57
1 51 58
1 51 59
1 51 60
1 51 103
1 51 104
1 51 105
1 51 106
1 51 165
1 51 166
1 51 167
1 51 168
1 51 169
1 51 170
1 51 248
1 51 249
1 51 250
1 51 251
1 51 252
1 51 253
1 51 282
1 51 283
1 51 284
1 51 285
1 51 303
1 51 304
1 51 305
1 51 306
1 51 401
1 51 402
1 51 403
1 52 0
1 52 1
1 52 56
1 52 57
1 52 58
1 52 59
1 52 102
1 52 103
1 52 104
1 52 105
1 52 164
1 52 165
1 52 166
1 52 167
1 52 168
1 52 250
1 52 251
1 52 252
1 52 253
1 52 254
1 52 283
1 52 284
1 52 285
1 52 286
1 52 304
1 52 305
1 52 306
1 52 307
1 52 401
1 52 402
1 52 403
1 53 0
1 53 55
1 53 56
1 53 57
1 53 58
1 53 101
1 53 102
1 53 103
1 53 104
1 53 162
1 53 163
1 53 164
1 53 165
1 53 166
1 53 167
1 53 251
1 53 252
1 53 253
1 53 254
1 53 255
1 53 256
1 53 284
1 53 285
1 53 286
1 53 287
1 53 305
1 53 306
1 53 307
1 53 308
1 53 401
1 53 402
1 53 403
1 54 0
1 54 54
1 54 55
1 54 56
1 54 57
1 54 100
1 54 101
1 54 102
1 54 103
1 54 161
1 54 162
1 54 163
1 54 164
1 54 165
1 54 253
1 54 254
1 54 255
1 54 256
1 54 257
1 54 285
1 54 286
1 54 287
1 54 288
1 54 306
1 54 307
1 54 308
1 54 309
1 54 401
1 54 402
1 54 403
1 55 0
1 55 53
1 55 54
1 55 55
1 55 56
1 55 100
1 55 101
1 55 102
1 55 160
1 55 161
1 55 162
1 55 163
1 55 164
1 55 254
1 55 255
1 55 256
1 55 257
1 55 258
1 55 286
1 55 287
1 55 288
1 55 289
1 55 307
1 55 308
1 55 309
1 55 310
1 55 401
1 55 402
1 55 403
1 56 0
1 56 52
1 56 53
1 56 54
1 56 55
1 56 99
1 56 100
1 56 101
1 56 102
1 56 158
1 56 159
1 56 160
1 56 161
1 56 162
1 56 256
1 56 257
1 56 258
1 56 259
1 56 260
1 56 286
1 56 287
1 56 288
1 56 289
1 56 308
1 56 309
1 56 310
1 56 311
1 56 401
1 56 402
1 56 403
1 57 0
1 57 51
1 57 52
1 57 53
1 57 54
1 57 98
1 57 99
1 57 100
1 57 101
1 57 157
1 57 158
1 57 159
1 57 160
1 57 161
1 57 257
1 57 258
1 57 259
1 57 260
1 57 261
1 57 287
1 57 288
1 57 289
1 57 290
1 57 309
1 57 310
1 57 311
1 57 312
1 57 401
1 57 402
1 57 403
1 58 0
1 58 51
1 58 52
1 58 53
1 58 97
1 58 98
1 58 99
1 58 100
1 58 156
1 58 157
1 58 158
1 58 159
1 58 160
1 58 258
1 58 259
1 58 260
1 58 261
1 58 262
1 58 288
1 58 289
1 58 290
1 58 291
1 58 310
1 58 311
1 58 312
1 58 313
1 58 401
1 58 402
1 58 403
1 59 0
1 59 50
1 59 51
1 59 52
1 59 53
1 59 97
1 59 98
1 59 99
1 59 155
1 59 156
1 59 157
1 59 158
1 59 159
1 59 259
1 59 260
1 59 261
1 59 262
1 59 263
1 59 289
1 59 290
1 59 291
1 59 292
1 59 310
1 59 311
1 59 312
1 59 313
1 59 401
1 59 402
1 59 403
1 60 0
1 60 49
1 60 50
1 60 51
1 60 52
1 60 96
1 60 97
1 60 98
1 60 99
1 60 154
1 60 155
1 60 156
1 60 157
1 60 158
1 60 261
1 60 262
1 60 263
1 60 264
1 60 290
1 60 291
1 60 292
1 60 311
1 60 312
1 60 313
1 60 314
1 60 401
1 60 402
1 60 403
1 61 0
1 61 48
1 61 49
1 61 50
1 61 51
1 61 95
1 61 96
1 61 97
1 61 98
1 61 153
1 61 154
1 61 155
1 61 156
1 61 262
1 61 263
1 61 264
1 61 265
1 61 290
1 61 291
1 61 292
1 61 293
1 61 312
1 61 313
1 61 314
1 61 315
1 61 401
1 61 402
1 61 403
1 62 0
1 62 47
1 62 48
1 62 49
1 62 50
1 62 94
1 62 95
1 62 96
1 62 97
1 62 152
1 62 153
1 62 154
1 62 155
1 62 263
1 62 264
1 62 265
1 62 266
1 62 291
1 62 292
1 62 293
1 62 294
1 62 313
1 62 314
1 62 315
1 62 316
1 62 401
1 62 402
1 62 403
1 63 0
1 63 47
1 63 48
1 63 49
1 63 94
1 63 95
1 63 96
1 63 151
1 63 152
1 63 153
1 63 154
1 63 212
1 63 213
1 63 214
1 63 215
1 63 216
1 63 217
1 63 218
1 63 219
1 63 220
1 63 221
1 63 222
1 63 223
1 63 224
1 63 264
1 63 265
1 63 266
1 63 267
1 63 292
1 63 293
1 63 294
1 63 314
1 63 315
1 63 316
1 63 401
1 63 402
1 63 403
1 64 0
1 64 46
1 64 47
1 64 48
1 64 49
1 64 93
1 64 94
1 64 95
1 64 96
1 64 150
1 64 151
1 64 152
1 64 153
1 64 206
1 64 207
1 64 208
1 64 209
1 64 210
1 64 211
1 64 212
1 64 213
1 64 214
1 64 215
1 64 216
1 64 217
1 64 218
1 64 219
1 64 220
1 64 221
1 64 222
1 64 223
1 64 224
1 64 225
1 64 226
1 64 227
1 64 228
1 64 229
1 64 265
1 64 266
1 64 267
1 64 268
1 64 292
1 64 293
1 64 294
1 64 295
1 64 314
1 64 315
1 64 316
1 64 317
1 64 401
1 64 402
1 64 403
1 65 0
1 65 45
1 65 46
1 65 47
1 65 48
1 65 92
1 65 93
1 65 94
1 65 95
1 65 149
1 65 150
1 65 151
1 65 152
1 65 203
1 65 204
1 65 205
1 65 206
1 65 207
1 65 208
1 65 209
1 65 210
1 65 211
1 65 212
1 65 213
1 65 214
1 65 215
1 65 216
1 65 217
1 65 218
1 65 219
1 65 220
1 65 221
1 65 222
1 65 223
1 65 224
1 65 225
1 65 226
1 65 227
1 65 228
1 65 229
1 65 230
1 65 231
1 65 232
1 65 233
1 65 266
1 65 267
1 65 268
1 65 269
1 65 293
1 65 294
1 65 295
1 65 296
1 65 315
1 65 316
1 65 317
1 65 318
1 65 401
1 65 402
1 65 403
1 66 0
1 66 45
1 66 46
1 66 47
1 66 92
1 66 93
1 66 94
1 66 148
1 66 149
1 66 150
1 66 151
1 66 152
1 66 200
1 66 201
1 66 202
1 66 203
1 66 204
1 66 205
1 66 206
1 66 207
1 66 208
1 66 209
1 66 210
1 66 211
1 66 225
1 66 226
1 66 227
1 66 228
1 66 229
1 66 230
1 66 231
1 66 232
1 66 233
1 66 234
1 66 235
1 66 236
1 66 267
1 66 268
1 66 269
1 66 270
1 66 294
1 66 295
1 66 296
1 66 316
1 66 317
1 66 318
1 66 401
1 66 402
1 66 403
1 67 0
1 67 44
1 67 45
1 67 46
1 67 47
1 67 91
1 67 92
1 67 93
1 67 94
1 67 148
1 67 149
1 67 150
1 67 151
1 67 197
1 67 198
1 67 199
1 67 200
1 67 201
1 67 202
1 67 203
1 67 204
1 67 205
1 67 206
1 67 230
1 67 231
1 67 232
1 67 233
1 67 234
1 67 235
1 67 236
1 67 237
1 67 238
1 67 239
1 67 267
1 67 268
1 67 269
1 67 270
1 67 294
1 67 295
1 67 296
1 67 297
1 67 316
1 67 317
1 67 318
1 67 319
1 67 401
1 67 402
1 67 403
1 68 0
1 68 43
1 68 44
1 68 45
1 68 46
1 68 91
1 68 92
1 68 93
1 68 147
1 68 148
1 68 149
1 68 150
1 68 195
1 68 196
1 68 197
1 68 198
1 68 199
1 68 200
1 68 201
1 68 202
1 68 234
1 68 235
1 68 236
1 68 237
1 68 238
1 68 239
1 68 240
1 68 241
1 68 268
1 68 269
1 68 270
1 68 271
1 68 295
1 68 296
1 68 297
1 68 317
1 68 318
1 68 319
1 68 320
1 68 401
1 68 402
1 68 403
1 69 0
1 69 43
1 69 44
1 69 45
1 69 90
1 69 91
1 69 92
1 69 93
1 69 146
1 69 147
1 69 148
1 69 149
1 69 193
1 69 194
1 69 195
1 69 196
1 69 197
1 69 198
1 69 199
1 69 200
1 69 236
1 69 237
1 69 238
1 69 239
1 69 240
1 69 241
1 69 242
1 69 243
1 69 269
1 69 270
1 69 271
1 69 272
1 69 295
1 69 296
1 69 297
1 69 298
1 69 318
1 69 319
1 69 320
1 69 321
1 69 401
1 69 402
1 69 403
1 70 0
1 70 42
1 70 43
1 70 44
1 70 45
1 70 90
1 70 91
1 70 92
1 70 145
1 70 146
1 70 147
1 70 148
1 70 192
1 70 193
1 70 194
1 70 195
1 70 196
1 70 197
1 70 239
1 70 240
1 70 241
1 70 242
1 70 243
1 70 244
1 70 270
1 70 271
1 70 272
1 70 273
1 70 296
1 70 297
1 70 298
1 70 319
1 70 320
1 70 321
1 70 401
1 70 402
1 70 403
1 71 0
1 71 41
1 71 42
1 71 43
1 71 44
1 71 89
1 71 90
1 71 91
1 71 92
1 71 145
1 71 146
1 71 147
1 71 190
1 71 191
1 71 192
1 71 193
1 71 194
1 71 195
1 71 241
1 71 242
1 71 243
1 71 244
1 71 245
1 71 246
1 71 271
1 71 272
1 71 273
1 71 296
1 71 297
1 71 298
1 71 299
1 71 319
1 71 320
1 71 321
1 71 322
1 71 401
1 71 402
1 71 403
1 72 0
1 72 41
1 72 42
1 72 43
1 72 89
1 72 90
1 72 91
1 72 144
1 72 145
1 72 146
1 72 147
1 72 189
1 72 190
1 72 191
1 72 192
1 72 193
1 72 243
1 72 244
1 72 245
1 72 246
1 72 247
1 72 271
1 72 272
1 72 273
1 72 274
1 72 297
1 72 298
1 72 299
1 72 320
1 72 321
1 72 322
1 72 401
1 72 402
1 72 403
1 73 0
1 73 40
1 73 41
1 73 42
1 73 43
1 73 88
1 73 89
1 73 90
1 73 143
1 73 144
1 73 145
1 73 146
1 73 187
1 73 188
1 73 189
1 73 190
1 73 191
1 73 192
1 73 244
1 73 245
1 73 246
1 73 247
1 73 248
1 73 249
1 73 272
1 73 273
1 73 274
1 73 298
1 73 299
1 73 300
1 73 320
1 73 321
1 73 322
1 73 323
1 73 401
1 73 402
1 73 403
1 74 0
1 74 40
1 74 41
1 74 42
1 74 88
1 74 89
1 74 90
1 74 143
1 74 144
1 74 145
1 74 186
1 74 187
1 74 188
1 74 189
1 74 190
1 74 246
1 74 247
1 74 248
1 74 249
1 74 250
1 74 273
1 74 274
1 74 298
1 74 299
1 74 300
1 74 321
1 74 322
1 74 323
1 74 401
1 74 402
1 74 403
1 75 0
1 75 39
1 75 40
1 75 41
1 75 42
1 75 87
1 75 88
1 75 89
1 75 142
1 75 143
1 75 144
1 75 145
1 75 185
1 75 186
1 75 187
1 75 188
1 75 189
1 75 247
1 75 248
1 75 249
1 75 250
1 75 251
1 75 274
1 75 299
1 75 300
1 75 301
1 75 321
1 75 322
1 75 323
1 75 324
1 75 401
1 75 402
1 75 403
1 76 0
1 76 39
1 76 40
1 76 41
1 76 87
1 76 88
1 76 89
1 76 141
1 76 142
1 76 143
1 76 144
1 76 184
1 76 185
1 76 186
1 76 187
1 76 249
1 76 250
1 76 251
1 76 252
1 76 274
1 76 299
1 76 300
1 76 301
1 76 322
1 76 323
1 76 324
1 76 401
1 76 402
1 76 403
1 77 0
1 77 38
1 77 39
1 77 40
1 77 41
1 77 86
1 77 87
1 77 88
1 77 89
1 77 141
1 77 142
1 77 143
1 77 183
1 77 184
1 77 185
1 77 186
1 77 250
1 77 251
1 77 252
1 77 253
1 77 254
1 77 299
1 77 300
1 77 301
1 77 302
1 77 322
1 77 323
1 77 324
1 77 325
1 77 401
1 77 402
1 77 403
1 78 0
1 78 38
1 78 39
1 78 40
1 78 86
1 78 87
1 78 88
1 78 140
1 78 141
1 78 142
1 78 143
1 78 182
1 78 183
1 78 184
1 78 185
1 78 251
1 78 252
1 78 253
1 78 254
1 78 255
1 78 300
1 78 301
1 78 302
1 78 323
1 78 324
1 78 325
1 78 401
1 78 402
1 78 403
1 79 0
1 79 37
1 79 38
1 79 39
1 79 40
1 79 86
1 79 87
1 79 88
1 79 140
1 79 141
1 79 142
1 79 181
1 79 182
1 79 183
1 79 184
1 79 252
1 79 253
1 79 254
1 79 255
1 79 256
1 79 300
1 79 301
1 79 302
1 79 303
1 79 323
1 79 324
1 79 325
1 79 326
1 79 401
1 79 402
1 79 403
1 80 0
1 80 37
1 80 38
1 80 39
1 80 85
1 80 86
1 80 87
1 80 139
1 80 140
1 80 141
1 80 180
1 80 181
1 80 182
1 80 183
1 80 253
1 80 254
1 80 255
1 80 256
1 80 301
1 80 302
1 80 303
1 80 324
1 80 325
1 80 326
1 80 401
1 80 402
1 80 403
1 81 0
1 81 36
1 81 37
1 81 38
1 81 39
1 81 85
1 81 86
1 81 87
1 81 139
1 81 140
1 81 141
1 81 179
1 81 180
1 81 181
1 81 182
1 81 254
1 81 255
1 81 256
1 81 257
1 81 277
1 81 278
1 81 279
1 81 301
1 81 302
1 81 303
1 81 324
1 81 325
1 81 326
1 81 327
1 81 401
1 81 402
1 81 403
1 82 0
1 82 36
1 82 37
1 82 38
1 82 84
1 82 85
1 82 86
1 82 138
1 82 139
1 82 140
1 82 178
1 82 179
1 82 180
1 82 181
1 82 255
1 82 256
1 82 257
1 82 258
1 82 278
1 82 279
1 82 280
1 82 302
1 82 303
1 82 304
1 82 325
1 82 326
1 82 327
1 82 401
1 82 402
1 82 403
1 83 0
1 83 36
1 83 37
1 83 38
1 83 84
1 83 85
1 83 86
1 83 138
1 83 139
1 83 140
1 83 177
1 83 178
1 83 179
1 83 180
1 83 256
1 83 257
1 83 258
1 83 259
1 83 278
1 83 279
1 83 280
1 83 302
1 83 303
1 83 304
1 83 325
1 83 326
1 83 327
1 83 401
1 83 402
1 83 403
1 84 0
1 84 35
1 84 36
1 84 37
1 84 84
1 84 85
1 84 86
1 84 137
1 84 138
1 84 139
1 84 176
1 84 177
1 84 178
1 84 179
1 84 257
1 84 258
1 84 259
1 84 260
1 84 279
1 84 280
1 84 281
1 84 302
1 84 303
1 84 304
1 84 326
1 84 327
1 84 328
1 84 401
1 84 402
1 84 403
1 85 0
1 85 35
1 85 36
1 85 37
1 85 83
1 85 84
1 85 85
1 85 137
1 85 138
1 85 139
1 85 176
1 85 177
1 85 178
1 85 258
1 85 259
1 85 260
1 85 279
1 85 280
1 85 281
1 85 303
1 85 304
1 85 305
1 85 326
1 85 327
1 85 328
1 85 401
1 85 402
1 85 403
1 86 0
1 86 35
1 86 36
1 86 37
1 86 83
1 86 84
1 86 85
1 86 136
1 86 137
1 86 138
1 86 139
1 86 175
1 86 176
1 86 177
1 86 178
1 86 258
1 86 259
1 86 260
1 86 261
1 86 280
1 86 281
1 86 282
1 86 303
1 86 304
1 86 305
1 86 326
1 86 327
1 86 328
1 86 329
1 86 401
1 86 402
1 86 403
1 87 0
1 87 34
1 87 35
1 87 36
1 87 83
1 87 84
1 87 85
1 87 136
1 87 137
1 87 138
1 87 174
1 87 175
1 87 176
1 87 177
1 87 259
1 87 260
1 87 261
1 87 262
1 87 280
1 87 281
1 87 282
1 87 303
1 87 304
1 87 305
1 87 327
1 87 328
1 87 329
1 87 401
1 87 402
1 87 403
1 88 0
1 88 34
1 88 35
1 88 36
1 88 82
1 88 83
1 88 84
1 88 85
1 88 135
1 88 136
1 88 137
1 88 138
1 88 174
1 88 175
1 88 176
1 88 260
1 88 261
1 88 262
1 88 263
1 88 280
1 88 281
1 88 282
1 88 283
1 88 303
1 88 304
1 88 305
1 88 306
1 88 327
1 88 328
1 88 329
1 88 401
1 88 402
1 88 403
1 89 0
1 89 33
1 89 34
1 89 35
1 89 36
1 89 82
1 89 83
1 89 84
1 89 135
1 89 136
1 89 137
1 89 173
1 89 174
1 89 175
1 89 261
1 89 262
1 89 263
1 89 281
1 89 282
1 89 283
1 89 304
1 89 305
1 89 306
1 89 327
1 89 328
1 89 329
1 89 330
1 89 401
1 89 402
1 89 403
1 90 0
1 90 33
1 90 34
1 90 35
1 90 82
1 90 83
1 90 84
1 90 135
1 90 136
1 90 137
1 90 172
1 90 173
1 90 174
1 90 175
1 90 261
1 90 262
1 90 263
1 90 264
1 90 281
1 90 282
1 90 283
1 90 304
1 90 305
1 90 306
1 90 328
1 90 329
1 90 330
1 90 401
1 90 402
1 90 403
1 91 0
1 91 33
1 91 34
1 91 35
1 91 82
1 91 83
1 91 84
1 91 134
1 91 135
1 91 136
1 91 137
1 91 172
1 91 173
1 91 174
1 91 262
1 91 263
1 91 264
1 91 282
1 91 283
1 91 284
1 91 304
1 91 305
1 91 306
1 91 328
1 91 329
1 91 330
1 91 401
1 91 402
1 91 403
1 92 0
1 92 33
1 92 34
1 92 35
1 92 81
1 92 82
1 92 83
1 92 134
1 92 135
1 92 136
1 92 171
1 92 172
1 92 173
1 92 174
1 92 262
1 92 263
1 92 264
1 92 265
1 92 282
1 92 283
1 92 284
1 92 305
1 92 306
1 92 307
1 92 328
1 92 329
1 92 330
1 92 401
1 92 402
1 92 403
1 93 0
1 93 32
1 93 33
1 93 34
1 93 81
1 93 82
1 93 83
1 93 134
1 93 135
1 93 136
1 93 171
1 93 172
1 93 173
1 93 263
1 93 264
1 93 265
1 93 282
1 93 283
1 93 284
1 93 305
1 93 306
1 93 307
1 93 329
1 93 330
1 93 331
1 93 401
1 93 402
1 93 403
1 94 0
1 94 32
1 94 33
1 94 34
1 94 81
1 94 82
1 94 83
1 94 133
1 94 134
1 94 135
1 94 170
1 94 171
1 94 172
1 94 173
1 94 263
1 94 264
1 94 265
1 94 266
1 94 283
1 94 284
1 94 285
1 94 305
1 94 306
1 94 307
1 94 329
1 94 330
1 94 331
1 94 401
1 94 402
1 94 403
1 95 0
1 95 32
1 95 33
1 95 34
1 95 81
1 95 82
1 95 83
1 95 133
1 95 134
1 95 135
1 95 170
1 95 171
1 95 172
1 95 264
1 95 265
1 95 266
1 95 283
1 95 284
1 95 285
1 95 305
1 95 306
1 95 307
1 95 329
1 95 330
1 95 331
1 95 401
1 95 402
1 95 403
1 96 0
1 96 32
1 96 33
1 96 34
1 96 81
1 96 82
1 96 83
1 96 133
1 96 134
1 96 135
1 96 169
1 96 170
1 96 171
1 96 172
1 96 264
1 96 265
1 96 266
1 96 267
1 96 283
1 96 284
1 96 285
1 96 305
1 96 306
1 96 307
1 96 329
1 96 330
1 96 331
1 96 401
1 96 402
1 96 403
1 97 0
1 97 31
1 97 32
1 97 33
1 97 34
1 97 80
1 97 81
1 97 82
1 97 133
1 97 134
1 97 135
1 97 169
1 97 170
1 97 171
1 97 265
1 97 266
1 97 267
1 97 283
1 97 284
1 97 285
1 97 286
1 97 306
1 97 307
1 97 308
1 97 330
1 97 331
1 97 332
1 97 401
1 97 402
1 97 403
1 98 0
1 98 31
1 98 32
1 98 33
1 98 80
1 98 81
1 98 82
1 98 132
1 98 133
1 98 134
1 98 169
1 98 170
1 98 171
1 98 265
1 98 266
1 98 267
1 98 284
1 98 285
1 98 286
1 98 306
1 98 307
1 98 308
1 98 330
1 98 331
1 98 332
1 98 401
1 98 402
1 98 403
1 99 0
1 99 31
1 99 32
1 99 33
1 99 80
1 99 81
1 99 82
1 99 132
1 99 133
1 99 134
1 99 168
1 99 169
1 99 170
1 99 266
1 99 267
1 99 268
1 99 284
1 99 285
1 99 286
1 99 306
1 99 307
1 99 308
1 99 330
1 99 331
1 99 332
1 99 401
1 99 402
1 99 403
1 100 0
1 100 31
1 100 32
1 100 33
1 100 80
1 100 81
1 100 82
1 100 132
1 100 133
1 100 134
1 100 168
1 100 169
1 100 170
1 100 266
1 100 267
1 100 268
1 100 284
1 100 285
1 100 286
1 100 306
1 100 307
1 100 308
1 100 330
1 100 331
1 100 332
1 100 401
1 100 402
1 100 403
1 101 0
1 101 31
1 101 32
1 101 33
1 101 80
1 101 81
1 101 82
1 101 132
1 101 133
1 101 134
1 101 168
1 101 169
1 101 170
1 101 266
1 101 267
1 101 268
1 101 306
1 101 307
1 101 308
1 101 330
1 101 331
1 101 332
1 101 401
1 101 402
1 101 403
1 102 0
1 102 31
1 102 32
1 102 33
1 102 80
1 102 81
1 102 82
1 102 131
1 102 132
1 102 133
1 102 167
1 102 168
1 102 169
1 102 267
1 102 268
1 102 269
1 102 306
1 102 307
1 102 308
1 102 330
1 102 331
1 102 332
1 102 401
1 102 402
1 102 403
1 103 0
1 103 31
1 103 32
1 103 33
1 103 80
1 103 81
1 103 82
1 103 131
1 103 132
1 103 133
1 103 167
1 103 168
1 103 169
1 103 267
1 103 268
1 103 269
1 103 307
1 103 308
1 103 309
1 103 331
1 103 332
1 103 333
1 103 401
1 103 402
1 103 403
1 104 0
1 104 30
1 104 31
1 104 32
1 104 80
1 104 81
1 104 131
1 104 132
1 104 133
1 104 167
1 104 168
1 104 169
1 104 267
1 104 268
1 104 269
1 104 307
1 104 308
1 104 309
1 104 331
1 104 332
1 104 333
1 104 401
1 104 402
1 104 403
1 105 0
1 105 30
1 105 31
1 105 32
1 105 79
1 105 80
1 105 81
1 105 131
1 105 132
1 105 133
1 105 167
1 105 168
1 105 169
1 105 267
1 105 268
1 105 269
1 105 307
1 105 308
1 105 309
1 105 331
1 105 332
1 105 333
1 105 401
1 105 402
1 105 403
1 106 0
1 106 30
1 106 31
1 106 32
1 106 79
1 106 80
1 106 81
1 106 131
1 106 132
1 106 133
1 106 166
1 106 167
1 106 168
1 106 268
1 106 269
1 106 270
1 106 307
1 106 308
1 106 309
1 106 331
1 106 332
1 106 333
1 106 401
1 106 402
1 106 403
1 107 0
1 107 79
1 107 80
1 107 81
1 107 131
1 107 132
1 107 133
1 107 166
1 107 167
1 107 168
1 107 268
1 107 269
1 107 270
1 107 307
1 107 308
1 107 309
1 107 331
1 107 332
1 107 333
1 107 401
1 107 402
1 107 403
1 108 0
1 108 79
1 108 80
1 108 81
1 108 130
1 108 131
1 108 132
1 108 166
1 108 167
1 108 168
1 108 268
1 108 269
1 108 270
1 108 307
1 108 308
1 108 309
1 108 331
1 108 332
1 108 333
1 108 401
1 108 402
1 108 403
1 109 0
1 109 79
1 109 80
1 109 81
1 109 130
1 109 131
1 109 132
1 109 166
1 109 167
1 109 168
1 109 268
1 109 269
1 109 270
1 109 307
1 109 308
1 109 309
1 109 331
1 109 332
1 109 333
1 109 401
1 109 402
1 109 403
1 110 0
1 110 79
1 110 80
1 110 81
1 110 130
1 110 131
1 110 132
1 110 166
1 110 167
1 110 168
1 110 268
1 110 269
1 110 270
1 110 307
1 110 308
1 110 309
1 110 331
1 110 332
1 110 333
1 110 402
1 110 403
1 111 0
1 111 79
1 111 80
1 111 81
1 111 130
1 111 131
1 111 132
1 111 165
1 111 166
1 111 167
1 111 168
1 111 269
1 111 270
1 111 271
1 111 307
1 111 308
1 111 309
1 111 331
1 111 332
1 111 333
1 111 402
1 111 403
1 112 0
1 112 79
1 112 80
1 112 81
1 112 130
1 112 131
1 112 132
1 112 165
1 112 166
1 112 167
1 112 269
1 112 270
1 112 271
1 112 307
1 112 308
1 112 309
1 112 331
1 112 332
1 112 333
1 112 402
1 112 403
1 113 0
1 113 79
1 113 80
1 113 81
1 113 130
1 113 131
1 113 132
1 113 165
1 113 166
1 113 167
1 113 269
1 113 270
1 113 271
1 113 307
1 113 308
1 113 309
1 113 331
1 113 332
1 113 333
1 113 402
1 113 403
1 114 0
1 114 79
1 114 80
1 114 81
1 114 130
1 114 131
1 114 132
1 114 165
1 114 166
1 114 167
1 114 269
1 114 270
1 114 271
1 114 307
1 114 308
1 114 309
1 114 331
1 114 332
1 114 333
1 114 402
1 114 403
1 115 0
1 115 79
1 115 80
1 115 81
1 115 130
1 115 131
1 115 132
1 115 165
1 115 166
1 115 167
1 115 269
1 115 270
1 115 271
1 115 307
1 115 308
1 115 309
1 115 331
1 115 332
1 115 333
1 115 402
1 115 403
1 116 0
1 116 79
1 116 80
1 116 81
1 116 130
1 116 131
1 116 132
1 116 165
1 116 166
1 116 167
1 116 269
1 116 270
1 116 271
1 116 307
1 116 308
1 116 309
1 116 331
1 116 332
1 116 333
1 116 402
1 116 403
1 117 0
1 117 79
1 117 80
1 117 81
1 117 130
1 117 131
1 117 132
1 117 165
1 117 166
1 117 167
1 117 269
1 117 270
1 117 271
1 117 307
1 117 308
1 117 309
1 117 331
1 117 332
1 117 333
1 117 402
1 117 403
1 118 0
1 118 79
1 118 80
1 118 81
1 118 130
1 118 131
1 118 132
1 118 165
1 118 166
1 118 167
1 118 269
1 118 270
1 118 271
1 118 307
1 118 308
1 118 309
1 118 331
1 118 332
1 118 333
1 118 402
1 118 403
1 119 0
1 119 79
1 119 80
1 119 81
1 119 130
1 119 131
1 119 132
1 119 165
1 119 166
1 119 167
1 119 269
1 119 270
1 119 271
1 119 307
1 119 308
1 119 309
1 119 331
1 119 332
1 119 333
1 119 402
1 119 403
1 120 0
1 120 79
1 120 80
1 120 81
1 120 130
1 120 131
1 120 132
1 120 165
1 120 166
1 120 167
1 120 269
1 120 270
1 120 271
1 120 307
1 120 308
1 120 309
1 120 331
1 120 332
1 120 333
1 120 402
1 120 403
1 121 0
1 121 80
1 121 81
1 121 82
1 121 130
1 121 131
1 121 132
1 121 165
1 121 166
1 121 167
1 121 269
1 121 270
1 121 271
1 121 307
1 121 308
1 121 309
1 121 330
1 121 331
1 121 332
1 121 402
1 121 403
1 122 0
1 122 80
1 122 81
1 122 82
1 122 130
1 122 131
1 122 132
1 122 165
1 122 166
1 122 167
1 122 269
1 122 270
1 122 271
1 122 307
1 122 308
1 122 330
1 122 331
1 122 332
1 122 402
1 122 403
1 123 0
1 123 80
1 123 81
1 123 82
1 123 130
1 123 131
1 123 132
1 123 165
1 123 166
1 123 167
1 123 269
1 123 270
1 123 271
1 123 306
1 123 307
1 123 308
1 123 330
1 123 331
1 123 332
1 123 402
1 123 403
1 124 0
1 124 80
1 124 81
1 124 82
1 124 130
1 124 131
1 124 132
1 124 165
1 124 166
1 124 167
1 124 269
1 124 270
1 124 271
1 124 306
1 124 307
1 124 308
1 124 330
1 124 331
1 124 332
1 124 402
1 124 403
1 125 0
1 125 80
1 125 81
1 125 82
1 125 130
1 125 131
1 125 132
1 125 165
1 125 166
1 125 167
1 125 168
1 125 269
1 125 270
1 125 271
1 125 306
1 125 307
1 125 308
1 125 330
1 125 331
1 125 332
1 125 402
1 125 403
1 126 0
1 126 80
1 126 81
1 126 82
1 126 131
1 126 132
1 126 133
1 126 166
1 126 167
1 126 168
1 126 268
1 126 269
1 126 270
1 126 306
1 126 307
1 126 308
1 126 330
1 126 331
1 126 332
1 126 402
1 126 403
1 127 0
1 127 80
1 127 81
1 127 82
1 127 131
1 127 132
1 127 133
1 127 166
1 127 167
1 127 168
1 127 268
1 127 269
1 127 270
1 127 306
1 127 307
1 127 308
1 127 329
1 127 330
1 127 331
1 127 402
1 127 403
1 128 0
1 128 81
1 128 82
1 128 83
1 128 131
1 128 132
1 128 133
1 128 166
1 128 167
1 128 168
1 128 268
1 128 269
1 128 270
1 128 305
1 128 306
1 128 307
1 128 329
1 128 330
1 128 331
1 128 402
1 128 403
1 129 0
1 129 81
1 129 82
1 129 83
1 129 131
1 129 132
1 129 133
1 129 166
1 129 167
1 129 168
1 129 268
1 129 269
1 129 270
1 129 305
1 129 306
1 129 307
1 129 329
1 129 330
1 129 331
1 129 402
1 129 403
1 130 0
1 130 81
1 130 82
1 130 83
1 130 131
1 130 132
1 130 133
1 130 166
1 130 167
1 130 168
1 130 268
1 130 269
1 130 270
1 130 305
1 130 306
1 130 307
1 130 329
1 130 330
1 130 331
1 130 402
1 130 403
1 131 0
1 131 81
1 131 82
1 131 83
1 131 131
1 131 132
1 131 133
1 131 167
1 131 168
1 131 169
1 131 267
1 131 268
1 131 269
1 131 305
1 131 306
1 131 307
1 131 328
1 131 329
1 131 330
1 131 402
1 131 403
1 132 0
1 132 81
1 132 82
1 132 83
1 132 132
1 132 133
1 132 134
1 132 167
1 132 168
1 132 169
1 132 267
1 132 268
1 132 269
1 132 305
1 132 306
1 132 307
1 132 328
1 132 329
1 132 330
1 132 402
1 132 403
1 133 0
1 133 33
1 133 34
1 133 35
1 133 82
1 133 83
1 133 84
1 133 132
1 133 133
1 133 134
1 133 167
1 133 168
1 133 169
1 133 267
1 133 268
1 133 269
1 133 304
1 133 305
1 133 306
1 133 328
1 133 329
1 133 330
1 133 402
1 133 403
1 134 0
1 134 33
1 134 34
1 134 35
1 134 36
1 134 82
1 134 83
1 134 84
1 134 132
1 134 133
1 134 134
1 134 167
1 134 168
1 134 169
1 134 267
1 134 268
1 134 269
1 134 304
1 134 305
1 134 306
1 134 327
1 134 328
1 134 329
1 134 330
1 134 402
1 134 403
1 135 0
1 135 34
1 135 35
1 135 36
1 135 82
1 135 83
1 135 84
1 135 132
1 135 133
1 135 134
1 135 168
1 135 169
1 135 170
1 135 266
1 135 267
1 135 268
1 135 284
1 135 285
1 135 286
1 135 304
1 135 305
1 135 306
1 135 327
1 135 328
1 135 329
1 135 402
1 135 403
1 136 0
1 136 34
1 136 35
1 136 36
1 136 82
1 136 83
1 136 84
1 136 85
1 136 133
1 136 134
1 136 135
1 136 168
1 136 169
1 136 170
1 136 266
1 136 267
1 136 268
1 136 283
1 136 284
1 136 285
1 136 286
1 136 303
1 136 304
1 136 305
1 136 306
1 136 327
1 136 328
1 136 329
1 136 402
1 136 403
1 137 0
1 137 35
1 137 36
1 137 37
1 137 83
1 137 84
1 137 85
1 137 133
1 137 134
1 137 135
1 137 168
1 137 169
1 137 170
1 137 266
1 137 267
1 137 268
1 137 283
1 137 284
1 137 285
1 137 303
1 137 304
1 137 305
1 137 326
1 137 327
1 137 328
1 137 329
1 137 402
1 137 403
1 138 0
1 138 35
1 138 36
1 138 37
1 138 83
1 138 84
1 138 85
1 138 133
1 138 134
1 138 135
1 138 169
1 138 170
1 138 171
1 138 265
1 138 266
1 138 267
1 138 283
1 138 284
1 138 285
1 138 303
1 138 304
1 138 305
1 138 326
1 138 327
1 138 328
1 138 402
1 138 403
1 139 0
1 139 35
1 139 36
1 139 37
1 139 83
1 139 84
1 139 85
1 139 133
1 139 134
1 139 135
1 139 169
1 139 170
1 139 171
1 139 265
1 139 266
1 139 267
1 139 283
1 139 284
1 139 285
1 139 303
1 139 304
1 139 305
1 139 326
1 139 327
1 139 328
1 139 402
1 139 403
1 140 0
1 140 36
1 140 37
1 140 38
1 140 84
1 140 85
1 140 86
1 140 134
1 140 135
1 140 136
1 140 169
1 140 170
1 140 171
1 140 172
1 140 264
1 140 265
1 140 266
1 140 267
1 140 282
1 140 283
1 140 284
1 140 302
1 140 303
1 140 304
1 140 325
1 140 326
1 140 327
1 140 402
1 140 403
1 141 0
1 141 36
1 141 37
1 141 38
1 141 84
1 141 85
1 141 86
1 141 134
1 141 135
1 141 136
1 141 170
1 141 171
1 141 172
1 141 264
1 141 265
1 141 266
1 141 282
1 141 283
1 141 284
1 141 302
1 141 303
1 141 304
1 141 325
1 141 326
1 141 327
1 141 402
1 141 403
1 142 0
1 142 36
1 142 37
1 142 38
1 142 39
1 142 84
1 142 85
1 142 86
1 142 87
1 142 134
1 142 135
1 142 136
1 142 137
1 142 170
1 142 171
1 142 172
1 142 173
1 142 263
1 142 264
1 142 265
1 142 266
1 142 282
1 142 283
1 142 284
1 142 302
1 142 303
1 142 304
1 142 325
1 142 326
1 142 327
1 142 402
1 142 403
1 143 0
1 143 37
1 143 38
1 143 39
1 143 85
1 143 86
1 143 87
1 143 135
1 143 136
1 143 137
1 143 171
1 143 172
1 143 173
1 143 263
1 143 264
1 143 265
1 143 281
1 143 282
1 143 283
1 143 301
1 143 302
1 143 303
1 143 324
1 143 325
1 143 326
1 143 402
1 143 403
1 144 0
1 144 37
1 144 38
1 144 39
1 144 40
1 144 85
1 144 86
1 144 87
1 144 135
1 144 136
1 144 137
1 144 171
1 144 172
1 144 173
1 144 174
1 144 262
1 144 263
1 144 264
1 144 265
1 144 281
1 144 282
1 144 283
1 144 301
1 144 302
1 144 303
1 144 324
1 144 325
1 144 326
1 144 402
1 144 403
1 145 0
1 145 38
1 145 39
1 145 40
1 145 86
1 145 87
1 145 88
1 145 135
1 145 136
1 145 137
1 145 138
1 145 172
1 145 173
1 145 174
1 145 262
1 145 263
1 145 264
1 145 280
1 145 281
1 145 282
1 145 283
1 145 300
1 145 301
1 145 302
1 145 303
1 145 323
1 145 324
1 145 325
1 145 402
1 145 403
1 146 0
1 146 38
1 146 39
1 146 40
1 146 41
1 146 86
1 146 87
1 146 88
1 146 136
1 146 137
1 146 138
1 146 172
1 146 173
1 146 174
1 146 175
1 146 261
1 146 262
1 146 263
1 146 264
1 146 280
1 146 281
1 146 282
1 146 300
1 146 301
1 146 302
1 146 322
1 146 323
1 146 324
1 146 325
1 146 402
1 146 403
1 147 0
1 147 39
1 147 40
1 147 41
1 147 86
1 147 87
1 147 88
1 147 89
1 147 136
1 147 137
1 147 138
1 147 173
1 147 174
1 147 175
1 147 261
1 147 262
1 147 263
1 147 280
1 147 281
1 147 282
1 147 299
1 147 300
1 147 301
1 147 302
1 147 322
1 147 323
1 147 324
1 147 402
1 147 403
1 148 0
1 148 39
1 148 40
1 148 41
1 148 42
1 148 87
1 148 88
1 148 89
1 148 137
1 148 138
1 148 139
1 148 174
1 148 175
1 148 176
1 148 260
1 148 261
1 148 262
1 148 263
1 148 279
1 148 280
1 148 281
1 148 299
1 148 300
1 148 301
1 148 321
1 148 322
1 148 323
1 148 324
1 148 402
1 148 403
1 149 0
1 149 40
1 149 41
1 149 42
1 149 87
1 149 88
1 149 89
1 149 137
1 149 138
1 149 139
1 149 174
1 149 175
1 149 176
1 149 177
1 149 259
1 149 260
1 149 261
1 149 262
1 149 279
1 149 280
1 149 281
1 149 299
1 149 300
1 149 301
1 149 321
1 149 322
1 149 323
1 149 402
1 149 403
1 150 0
1 150 40
1 150 41
1 150 42
1 150 43
1 150 88
1 150 89
1 150 90
1 150 138
1 150 139
1 150 140
1 150 175
1 150 176
1 150 177
1 150 259
1 150 260
1 150 261
1 150 278
1 150 279
1 150 280
1 150 298
1 150 299
1 150 300
1 150 320
1 150 321
1 150 322
1 150 323
1 150 402
1 150 403
1 151 0
1 151 41
1 151 42
1 151 43
1 151 88
1 151 89
1 151 90
1 151 138
1 151 139
1 151 140
1 151 176
1 151 177
1 151 178
1 151 258
1 151 259
1 151 260
1 151 278
1 151 279
1 151 280
1 151 298
1 151 299
1 151 300
1 151 320
1 151 321
1 151 322
1 151 402
1 151 403
1 152 0
1 152 41
1 152 42
1 152 43
1 152 44
1 152 89
1 152 90
1 152 91
1 152 139
1 152 140
1 152 141
1 152 176
1 152 177
1 152 178
1 152 179
1 152 257
1 152 258
1 152 259
1 152 260
1 152 277
1 152 278
1 152 279
1 152 280
1 152 297
1 152 298
1 152 299
1 152 300
1 152 319
1 152 320
1 152 321
1 152 322
1 152 402
1 152 403
1 153 0
1 153 42
1 153 43
1 153 44
1 153 89
1 153 90
1 153 91
1 153 139
1 153 140
1 153 141
1 153 177
1 153 178
1 153 179
1 153 180
1 153 256
1 153 257
1 153 258
1 153 259
1 153 277
1 153 278
1 153 279
1 153 297
1 153 298
1 153 299
1 153 319
1 153 320
1 153 321
1 153 402
1 153 403
1 154 0
1 154 43
1 154 44
1 154 45
1 154 90
1 154 91
1 154 92
1 154 140
1 154 141
1 154 142
1 154 178
1 154 179
1 154 180
1 154 181
1 154 255
1 154 256
1 154 257
1 154 258
1 154 276
1 154 277
1 154 278
1 154 279
1 154 296
1 154 297
1 154 298
1 154 318
1 154 319
1 154 320
1 154 321
1 154 402
1 154 403
1 155 0
1 155 43
1 155 44
1 155 45
1 155 46
1 155 90
1 155 91
1 155 92
1 155 93
1 155 140
1 155 141
1 155 142
1 155 143
1 155 179
1 155 180
1 155 181
1 155 182
1 155 254
1 155 255
1 155 256
1 155 257
1 155 275
1 155 276
1 155 277
1 155 278
1 155 295
1 155 296
1 155 297
1 155 298
1 155 317
1 155 318
1 155 319
1 155 320
1 155 402
1 155 403
1 156 0
1 156 44
1 156 45
1 156 46
1 156 47
1 156 91
1 156 92
1 156 93
1 156 141
1 156 142
1 156 143
1 156 180
1 156 181
1 156 182
1 156 183
1 156 253
1 156 254
1 156 255
1 156 256
1 156 257
1 156 275
1 156 276
1 156 277
1 156 295
1 156 296
1 156 297
1 156 317
1 156 318
1 156 319
1 156 402
1 156 403
1 157 0
1 157 45
1 157 46
1 157 47
1 157 91
1 157 92
1 157 93
1 157 94
1 157 141
1 157 142
1 157 143
1 157 144
1 157 180
1 157 181
1 157 182
1 157 183
1 157 184
1 157 252
1 157 253
1 157 254
1 157 255
1 157 256
1 157 274
1 157 275
1 157 276
1 157 277
1 157 294
1 157 295
1 157 296
1 157 297
1 157 316
1 157 317
1 157 318
1 157 319
1 157 402
1 157 403
1 158 0
1 158 45
1 158 46
1 158 47
1 158 48
1 158 92
1 158 93
1 158 94
1 158 142
1 158 143
1 158 144
1 158 181
1 158 182
1 158 183
1 158 184
1 158 185
1 158 251
1 158 252
1 158 253
1 158 254
1 158 255
1 158 274
1 158 275
1 158 276
1 158 294
1 158 295
1 158 296
1 158 315
1 158 316
1 158 317
1 158 318
1 158 402
1 158 403
1 159 0
1 159 46
1 159 47
1 159 48
1 159 49
1 159 92
1 159 93
1 159 94
1 159 95
1 159 143
1 159 144
1 159 145
1 159 183
1 159 184
1 159 185
1 159 186
1 159 250
1 159 251
1 159 252
1 159 253
1 159 254
1 159 273
1 159 274
1 159 275
1 159 293
1 159 294
1 159 295
1 159 296
1 159 314
1 159 315
1 159 316
1 159 317
1 159 402
1 159 403
1 160 0
1 160 47
1 160 48
1 160 49
1 160 93
1 160 94
1 160 95
1 160 96
1 160 143
1 160 144
1 160 145
1 160 146
1 160 184
1 160 185
1 160 186
1 160 187
1 160 249
1 160 250
1 160 251
1 160 252
1 160 272
1 160 273
1 160 274
1 160 275
1 160 292
1 160 293
1 160 294
1 160 295
1 160 314
1 160 315
1 160 316
1 160 402
1 160 403
1 161 0
1 161 47
1 161 48
1 161 49
1 161 50
1 161 94
1 161 95
1 161 96
1 161 144
1 161 145
1 161 146
1 161 147
1 161 185
1 161 186
1 161 187
1 161 188
1 161 189
1 161 248
1 161 249
1 161 250
1 161 251
1 161 271
1 161 272
1 161 273
1 161 274
1 161 292
1 161 293
1 161 294
1 161 313
1 161 314
1 161 315
1 161 316
1 161 402
1 161 403
1 162 0
1 162 48
1 162 49
1 162 50
1 162 51
1 162 94
1 162 95
1 162 96
1 162 97
1 162 145
1 162 146
1 162 147
1 162 186
1 162 187
1 162 188
1 162 189
1 162 190
1 162 246
1 162 247
1 162 248
1 162 249
1 162 250
1 162 271
1 162 272
1 162 273
1 162 291
1 162 292
1 162 293
1 162 294
1 162 312
1 162 313
1 162 314
1 162 315
1 162 402
1 162 403
1 163 0
1 163 49
1 163 50
1 163 51
1 163 52
1 163 95
1 163 96
1 163 97
1 163 98
1 163 145
1 163 146
1 163 147
1 163 148
1 163 187
1 163 188
1 163 189
1 163 190
1 163 191
1 163 192
1 163 245
1 163 246
1 163 247
1 163 248
1 163 249
1 163 270
1 163 271
1 163 272
1 163 273
1 163 290
1 163 291
1 163 292
1 163 293
1 163 311
1 163 312
1 163 313
1 163 314
1 163 402
1 163 403
1 164 0
1 164 50
1 164 51
1 164 52
1 164 53
1 164 96
1 164 97
1 164 98
1 164 146
1 164 147
1 164 148
1 164 149
1 164 189
1 164 190
1 164 191
1 164 192
1 164 193
1 164 243
1 164 244
1 164 245
1 164 246
1 164 247
1 164 269
1 164 270
1 164 271
1 164 272
1 164 290
1 164 291
1 164 292
1 164 311
1 164 312
1 164 313
1 164 402
1 164 403
1 165 0
1 165 50
1 165 51
1 165 52
1 165 53
1 165 97
1 165 98
1 165 99
1 165 147
1 165 148
1 165 149
1 165 150
1 165 190
1 165 191
1 165 192
1 165 193
1 165 194
1 165 195
1 165 241
1 165 242
1 165 243
1 165 244
1 165 245
1 165 246
1 165 268
1 165 269
1 165 270
1 165 271
1 165 289
1 165 290
1 165 291
1 165 292
1 165 310
1 165 311
1 165 312
1 165 313
1 165 402
1 165 403
1 166 0
1 166 51
1 166 52
1 166 53
1 166 54
1 166 97
1 166 98
1 166 99
1 166 100
1 166 148
1 166 149
1 166 150
1 166 151
1 166 192
1 166 193
1 166 194
1 166 195
1 166 196
1 166 197
1 166 239
1 166 240
1 166 241
1 166 242
1 166 243
1 166 244
1 166 268
1 166 269
1 166 270
1 166 288
1 166 289
1 166 290
1 166 291
1 166 309
1 166 310
1 166 311
1 166 312
1 166 402
1 166 403
1 167 0
1 167 52
1 167 53
1 167 54
1 167 55
1 167 98
1 167 99
1 167 100
1 167 101
1 167 148
1 167 149
1 167 150
1 167 151
1 167 193
1 167 194
1 167 195
1 167 196
1 167 197
1 167 198
1 167 199
1 167 237
1 167 238
1 167 239
1 167 240
1 167 241
1 167 242
1 167 243
1 167 267
1 167 268
1 167 269
1 167 270
1 167 287
1 167 288
1 167 289
1 167 290
1 167 308
1 167 309
1 167 310
1 167 311
1 167 402
1 167 403
1 168 0
1 168 53
1 168 54
1 168 55
1 168 56
1 168 99
1 168 100
1 168 101
1 168 102
1 168 149
1 168 150
1 168 151
1 168 152
1 168 195
1 168 196
1 168 197
1 168 198
1 168 199
1 168 200
1 168 201
1 168 202
1 168 234
1 168 235
1 168 236
1 168 237
1 168 238
1 168 239
1 168 240
1 168 241
1 168 266
1 168 267
1 168 268
1 168 269
1 168 287
1 168 288
1 168 289
1 168 307
1 168 308
1 168 309
1 168 310
1 168 402
1 168 403
1 169 0
1 169 54
1 169 55
1 169 56
1 169 57
1 169 99
1 169 100
1 169 101
1 169 102
1 169 150
1 169 151
1 169 152
1 169 153
1 169 197
1 169 198
1 169 199
1 169 200
1 169 201
1 169 202
1 169 203
1 169 233
1 169 234
1 169 235
1 169 236
1 169 237
1 169 238
1 169 239
1 169 265
1 169 266
1 169 267
1 169 268
1 169 286
1 169 287
1 169 288
1 169 289
1 169 306
1 169 307
1 169 308
1 169 309
1 169 402
1 169 403
1 170 0
1 170 55
1 170 56
1 170 57
1 170 58
1 170 100
1 170 101
1 170 102
1 170 103
1 170 151
1 170 152
1 170 153
1 170 154
1 170 200
1 170 201
1 170 202
1 170 203
1 170 233
1 170 234
1 170 235
1 170 236
1 170 264
1 170 265
1 170 266
1 170 267
1 170 285
1 170 286
1 170 287
1 170 288
1 170 305
1 170 306
1 170 307
1 170 308
1 170 402
1 170 403
1 171 0
1 171 56
1 171 57
1 171 58
1 171 59
1 171 101
1 171 102
1 171 103
1 171 104
1 171 152
1 171 153
1 171 154
1 171 155
1 171 203
1 171 233
1 171 234
1 171 263
1 171 264
1 171 265
1 171 266
1 171 284
1 171 285
1 171 286
1 171 287
1 171 304
1 171 305
1 171 306
1 171 307
1 171 402
1 171 403
1 172 0
1 172 57
1 172 58
1 172 59
1 172 60
1 172 102
1 172 103
1 172 104
1 172 105
1 172 153
1 172 154
1 172 155
1 172 156
1 172 262
1 172 263
1 172 264
1 172 265
1 172 283
1 172 284
1 172 285
1 172 286
1 172 303
1 172 304
1 172 305
1 172 306
1 172 402
1 172 403
1 173 0
1 173 58
1 173 59
1 173 60
1 173 61
1 173 103
1 173 104
1 173 105
1 173 106
1 173 154
1 173 155
1 173 156
1 173 157
1 173 261
1 173 262
1 173 263
1 173 264
1 173 282
1 173 283
1 173 284
1 173 285
1 173 302
1 173 303
1 173 304
1 173 305
1 173 402
1 173 403
1 174 0
1 174 59
1 174 60
1 174 61
1 174 62
1 174 104
1 174 105
1 174 106
1 174 107
1 174 155
1 174 156
1 174 157
1 174 158
1 174 159
1 174 260
1 174 261
1 174 262
1 174 263
1 174 281
1 174 282
1 174 283
1 174 284
1 174 301
1 174 302
1 174 303
1 174 304
1 174 402
1 174 403
1 175 0
1 175 60
1 175 61
1 175 62
1 175 63
1 175 105
1 175 106
1 175 107
1 175 108
1 175 156
1 175 157
1 175 158
1 175 159
1 175 160
1 175 258
1 175 259
1 175 260
1 175 261
1 175 262
1 175 280
1 175 281
1 175 282
1 175 283
1 175 284
1 175 300
1 175 301
1 175 302
1 175 303
1 175 402
1 175 403
1 176 0
1 176 61
1 176 62
1 176 63
1 176 64
1 176 105
1 176 106
1 176 107
1 176 108
1 176 109
1 176 157
1 176 158
1 176 159
1 176 160
1 176 161
1 176 257
1 176 258
1 176 259
1 176 260
1 176 261
1 176 279
1 176 280
1 176 281
1 176 282
1 176 283
1 176 299
1 176 300
1 176 301
1 176 302
1 176 402
1 176 403
1 177 0
1 177 62
1 177 63
1 177 64
1 177 65
1 177 106
1 177 107
1 177 108
1 177 109
1 177 110
1 177 158
1 177 159
1 177 160
1 177 161
1 177 162
1 177 256
1 177 257
1 177 258
1 177 259
1 177 260
1 177 278
1 177 279
1 177 280
1 177 281
1 177 282
1 177 298
1 177 299
1 177 300
1 177 301
1 177 402
1 177 403
1 178 0
1 178 63
1 178 64
1 178 65
1 178 66
1 178 67
1 178 108
1 178 109
1 178 110
1 178 111
1 178 160
1 178 161
1 178 162
1 178 163
1 178 164
1 178 254
1 178 255
1 178 256
1 178 257
1 178 258
1 178 277
1 178 278
1 178 279
1 178 280
1 178 281
1 178 297
1 178 298
1 178 299
1 178 300
1 178 402
1 178 403
1 179 0
1 179 64
1 179 65
1 179 66
1 179 67
1 179 68
1 179 109
1 179 110
1 179 111
1 179 112
1 179 161
1 179 162
1 179 163
1 179 164
1 179 165
1 179 253
1 179 254
1 179 255
1 179 256
1 179 257
1 179 276
1 179 277
1 179 278
1 179 279
1 179 280
1 179 295
1 179 296
1 179 297
1 179 298
1 179 299
1 179 402
1 179 403
1 180 0
1 180 65
1 180 66
1 180 67
1 180 68
1 180 69
1 180 110
1 180 111
1 180 112
1 180 113
1 180 162
1 180 163
1 180 164
1 180 165
1 180 166
1 180 167
1 180 252
1 180 253
1 180 254
1 180 255
1 180 256
1 180 275
1 180 276
1 180 277
1 180 278
1 180 294
1 180 295
1 180 296
1 180 297
1 180 298
1 180 402
1 180 403
1 181 0
1 181 67
1 181 68
1 181 69
1 181 70
1 181 111
1 181 112
1 181 113
1 181 114
1 181 164
1 181 165
1 181 166
1 181 167
1 181 168
1 181 250
1 181 251
1 181 252
1 181 253
1 181 254
1 181 274
1 181 275
1 181 276
1 181 277
1 181 293
1 181 294
1 181 295
1 181 296
1 181 297
1 181 402
1 181 403
1 182 0
1 182 68
1 182 69
1 182 70
1 182 71
1 182 72
1 182 112
1 182 113
1 182 114
1 182 115
1 182 165
1 182 166
1 182 167
1 182 168
1 182 169
1 182 170
1 182 248
1 182 249
1 182 250
1 182 251
1 182 252
1 182 253
1 182 273
1 182 274
1 182 275
1 182 276
1 182 291
1 182 292
1 182 293
1 182 294
1 182 295
1 182 402
1 182 403
1 183 0
1 183 69
1 183 70
1 183 71
1 183 72
1 183 73
1 183 113
1 183 114
1 183 115
1 183 116
1 183 117
1 183 167
1 183 168
1 183 169
1 183 170
1 183 171
1 183 247
1 183 248
1 183 249
1 183 250
1 183 251
1 183 272
1 183 273
1 183 274
1 183 275
1 183 290
1 183 291
1 183 292
1 183 293
1 183 294
1 183 402
1 183 403
1 184 0
1 184 70
1 184 71
1 184 72
1 184 73
1 184 74
1 184 114
1 184 115
1 184 116
1 184 117
1 184 118
1 184 168
1 184 169
1 184 170
1 184 171
1 184 172
1 184 173
1 184 245
1 184 246
1 184 247
1 184 248
1 184 249
1 184 250
1 184 270
1 184 271
1 184 272
1 184 273
1 184 274
1 184 289
1 184 290
1 184 291
1 184 292
1 184 293
1 184 402
1 184 403
1 185 0
1 185 72
1 185 73
1 185 74
1 185 75
1 185 76
1 185 115
1 185 116
1 185 117
1 185 118
1 185 119
1 185 170
1 185 171
1 185 172
1 185 173
1 185 174
1 185 175
1 185 243
1 185 244
1 185 245
1 185 246
1 185 247
1 185 248
1 185 269
1 185 270
1 185 271
1 185 272
1 185 273
1 185 287
1 185 288
1 185 289
1 185 290
1 185 291
1 185 402
1 185 403
1 186 0
1 186 73
1 186 74
1 186 75
1 186 76
1 186 77
1 186 117
1 186 118
1 186 119
1 186 120
1 186 172
1 186 173
1 186 174
1 186 175
1 186 176
1 186 177
1 186 178
1 186 241
1 186 242
1 186 243
1 186 244
1 186 245
1 186 246
1 186 268
1 186 269
1 186 270
1 186 271
1 186 272
1 186 286
1 186 287
1 186 288
1 186 289
1 186 290
1 186 402
1 186 403
1 187 0
1 187 74
1 187 75
1 187 76
1 187 77
1 187 78
1 187 79
1 187 118
1 187 119
1 187 120
1 187 121
1 187 122
1 187 174
1 187 175
1 187 176
1 187 177
1 187 178
1 187 179
1 187 180
1 187 238
1 187 239
1 187 240
1 187 241
1 187 242
1 187 243
1 187 244
1 187 266
1 187 267
1 187 268
1 187 269
1 187 270
1 187 284
1 187 285
1 187 286
1 187 287
1 187 288
1 187 289
1 187 402
1 187 403
1 188 0
1 188 76
1 188 77
1 188 78
1 188 79
1 188 80
1 188 119
1 188 120
1 188 121
1 188 122
1 188 123
1 188 176
1 188 177
1 188 178
1 188 179
1 188 180
1 188 181
1 188 182
1 188 183
1 188 235
1 188 236
1 188 237
1 188 238
1 188 239
1 188 240
1 188 241
1 188 242
1 188 265
1 188 266
1 188 267
1 188 268
1 188 269
1 188 283
1 188 284
1 188 285
1 188 286
1 188 287
1 188 402
1 188 403
1 189 0
1 189 77
1 189 78
1 189 79
1 189 80
1 189 81
1 189 82
1 189 120
1 189 121
1 189 122
1 189 123
1 189 124
1 189 125
1 189 178
1 189 179
1 189 180
1 189 181
1 189 182
1 189 183
1 189 184
1 189 185
1 189 186
1 189 233
1 189 234
1 189 235
1 189 236
1 189 237
1 189 238
1 189 239
1 189 240
1 189 263
1 189 264
1 189 265
1 189 266
1 189 267
1 189 268
1 189 281
1 189 282
1 189 283
1 189 284
1 189 285
1 189 286
1 189 402
1 189 403
1 190 0
1 190 79
1 190 80
1 190 81
1 190 82
1 190 83
1 190 84
1 190 122
1 190 123
1 190 124
1 190 125
1 190 126
1 190 180
1 190 181
1 190 182
1 190 183
1 190 184
1 190 185
1 190 186
1 190 187
1 190 188
1 190 189
1 190 229
1 190 230
1 190 231
1 190 232
1 190 233
1 190 234
1 190 235
1 190 236
1 190 237
1 190 238
1 190 262
1 190 263
1 190 264
1 190 265
1 190 266
1 190 280
1 190 281
1 190 282
1 190 283
1 190 284
1 190 402
1 190 403
1 191 0
1 191 80
1 191 81
1 191 82
1 191 83
1 191 84
1 191 85
1 191 123
1 191 124
1 191 125
1 191 126
1 191 127
1 191 128
1 191 183
1 191 184
1 191 185
1 191 186
1 191 187
1 191 188
1 191 189
1 191 190
1 191 191
1 191 192
1 191 193
1 191 225
1 191 226
1 191 227
1 191 228
1 191 229
1 191 230
1 191 231
1 191 232
1 191 233
1 191 234
1 191 235
1 191 260
1 191 261
1 191 262
1 191 263
1 191 264
1 191 265
1 191 278
1 191 279
1 191 280
1 191 281
1 191 282
1 191 283
1 191 402
1 191 403
1 192 0
1 192 1
1 192 2
1 192 82
1 192 83
1 192 84
1 192 85
1 192 86
1 192 87
1 192 125
1 192 126
1 192 127
1 192 128
1 192 129
1 192 186
1 192 187
1 192 188
1 192 189
1 192 190
1 192 191
1 192 192
1 192 193
1 192 194
1 192 195
1 192 196
1 192 197
1 192 198
1 192 199
1 192 200
1 192 219
1 192 220
1 192 221
1 192 222
1 192 223
1 192 224
1 192 225
1 192 226
1 192 227
1 192 228
1 192 229
1 192 230
1 192 231
1 192 232
1 192 259
1 192 260
1 192 261
1 192 262
1 192 263
1 192 276
1 192 277
1 192 278
1 192 279
1 192 280
1 192 281
1 192 402
1 192 403
1 193 0
1 193 1
1 193 2
1 193 3
1 193 84
1 193 85
1 193 86
1 193 87
1 193 88
1 193 89
1 193 126
1 193 127
1 193 128
1 193 129
1 193 130
1 193 131
1 193 190
1 193 191
1 193 192
1 193 193
1 193 194
1 193 195
1 193 196
1 193 197
1 193 198
1 193 199
1 193 200
1 193 201
1 193 202
1 193 203
1 193 204
1 193 205
1 193 206
1 193 207
1 193 208
1 193 209
1 193 210
1 193 211
1 193 212
1 193 213
1 193 214
1 193 215
1 193 216
1 193 217
1 193 218
1 193 219
1 193 220
1 193 221
1 193 222
1 193 223
1 193 224
1 193 225
1 193 226
1 193 227
1 193 228
1 193 257
1 193 258
1 193 259
1 193 260
1 193 261
1 193 262
1 193 274
1 193 275
1 193 276
1 193 277
1 193 278
1 193 279
1 193 280
1 193 402
1 193 403
1 194 0
1 194 1
1 194 2
1 194 3
1 194 85
1 194 86
1 194 87
1 194 88
1 194 89
1 194 90
1 194 91
1 194 128
1 194 129
1 194 130
1 194 131
1 194 132
1 194 133
1 194 194
1 194 195
1 194 196
1 194 197
1 194 198
1 194 199
1 194 200
1 194 201
1 194 202
1 194 203
1 194 204
1 194 205
1 194 206
1 194 207
1 194 208
1 194 209
1 194 210
1 194 211
1 194 212
1 194 213
1 194 214
1 194 215
1 194 216
1 194 217
1 194 218
1 194 219
1 194 220
1 194 221
1 194 222
1 194 223
1 194 224
1 194 255
1 194 256
1 194 257
1 194 258
1 194 259
1 194 260
1 194 273
1 194 274
1 194 275
1 194 276
1 194 277
1 194 278
1 194 402
1 194 403
1 195 0
1 195 1
1 195 2
1 195 3
1 195 87
1 195 88
1 195 89
1 195 90
1 195 91
1 195 92
1 195 129
1 195 130
1 195 131
1 195 132
1 195 133
1 195 134
1 195 135
1 195 201
1 195 202
1 195 203
1 195 204
1 195 205
1 195 206
1 195 207
1 195 208
1 195 209
1 195 210
1 195 211
1 195 212
1 195 213
1 195 214
1 195 215
1 195 216
1 195 217
1 195 218
1 195 253
1 195 254
1 195 255
1 195 256
1 195 257
1 195 258
1 195 259
1 195 271
1 195 272
1 195 273
1 195 274
1 195 275
1 195 276
1 195 402
1 195 403
1 196 0
1 196 1
1 196 2
1 196 3
1 196 89
1 196 90
1 196 91
1 196 92
1 196 93
1 196 94
1 196 131
1 196 132
1 196 133
1 196 134
1 196 135
1 196 136
1 196 137
1 196 252
1 196 253
1 196 254
1 196 255
1 196 256
1 196 257
1 196 269
1 196 270
1 196 271
1 196 272
1 196 273
1 196 274
1 196 402
1 196 403
1 197 0
1 197 1
1 197 2
1 197 3
1 197 91
1 197 92
1 197 93
1 197 94
1 197 95
1 197 96
1 197 133
1 197 134
1 197 135
1 197 136
1 197 137
1 197 138
1 197 250
1 197 251
1 197 252
1 197 253
1 197 254
1 197 255
1 197 267
1 197 268
1 197 269
1 197 270
1 197 271
1 197 272
1 197 402
1 197 403
1 198 0
1 198 1
1 198 2
1 198 3
1 198 93
1 198 94
1 198 95
1 198 96
1 198 97
1 198 98
1 198 135
1 198 136
1 198 137
1 198 138
1 198 139
1 198 140
1 198 141
1 198 248
1 198 249
1 198 250
1 198 251
1 198 252
1 198 253
1 198 265
1 198 266
1 198 267
1 198 268
1 198 269
1 198 270
1 198 402
1 198 403
1 199 0
1 199 1
1 199 2
1 199 3
1 199 95
1 199 96
1 199 97
1 199 98
1 199 99
1 199 100
1 199 101
1 199 137
1 199 138
1 199 139
1 199 140
1 199 141
1 199 142
1 199 143
1 199 245
1 199 246
1 199 247
1 199 248
1 199 249
1 199 250
1 199 251
1 199 262
1 199 263
1 199 264
1 199 265
1 199 266
1 199 267
1 199 268
1 199 402
1 199 403
1 200 0
1 200 1
1 200 2
1 200 3
1 200 96
1 200 97
1 200 98
1 200 99
1 200 100
1 200 101
1 200 102
1 200 103
1 200 139
1 200 140
1 200 141
1 200 142
1 200 143
1 200 144
1 200 145
1 200 243
1 200 244
1 200 245
1 200 246
1 200 247
1 200 248
1 200 249
1 200 260
1 200 261
1 200 262
1 200 263
1 200 264
1 200 265
1 200 266
1 200 267
1 200 402
1 200 403
1 201 0
1 201 1
1 201 2
1 201 3
1 201 99
1 201 100
1 201 101
1 201 102
1 201 103
1 201 104
1 201 105
1 201 141
1 201 142
1 201 143
1 201 144
1 201 145
1 201 146
1 201 147
1 201 148
1 201 240
1 201 241
1 201 242
1 201 243
1 201 244
1 201 245
1 201 246
1 201 247
1 201 258
1 201 259
1 201 260
1 201 261
1 201 262
1 201 263
1 201 264
1 201 402
1 201 403
1 202 0
1 202 1
1 202 2
1 202 3
1 202 101
1 202 102
1 202 103
1 202 104
1 202 105
1 202 106
1 202 107
1 202 108
1 202 143
1 202 144
1 202 145
1 202 146
1 202 147
1 202 148
1 202 149
1 202 150
1 202 238
1 202 239
1 202 240
1 202 241
1 202 242
1 202 243
1 202 244
1 202 245
1 202 255
1 202 256
1 202 257
1 202 258
1 202 259
1 202 260
1 202 261
1 202 262
1 202 402
1 202 403
1 203 0
1 203 1
1 203 2
1 203 3
1 203 103
1 203 104
1 203 105
1 203 106
1 203 107
1 203 108
1 203 109
1 203 110
1 203 146
1 203 147
1 203 148
1 203 149
1 203 150
1 203 151
1 203 152
1 203 153
1 203 235
1 203 236
1 203 237
1 203 238
1 203 239
1 203 240
1 203 241
1 203 242
1 203 243
1 203 253
1 203 254
1 203 255
1 203 256
1 203 257
1 203 258
1 203 259
1 203 260
1 203 402
1 203 403
1 204 0
1 204 1
1 204 2
1 204 3
1 204 106
1 204 107
1 204 108
1 204 109
1 204 110
1 204 111
1 204 112
1 204 113
1 204 148
1 204 149
1 204 150
1 204 151
1 204 152
1 204 153
1 204 154
1 204 155
1 204 156
1 204 232
1 204 233
1 204 234
1 204 235
1 204 236
1 204 237
1 204 238
1 204 239
1 204 240
1 204 250
1 204 251
1 204 252
1 204 253
1 204 254
1 204 255
1 204 256
1 204 257
1 204 402
1 204 403
1 205 0
1 205 1
1 205 2
1 205 3
1 205 108
1 205 109
1 205 110
1 205 111
1 205 112
1 205 113
1 205 114
1 205 115
1 205 116
1 205 151
1 205 152
1 205 153
1 205 154
1 205 155
1 205 156
1 205 157
1 205 158
1 205 159
1 205 160
1 205 229
1 205 230
1 205 231
1 205 232
1 205 233
1 205 234
1 205 235
1 205 236
1 205 237
1 205 238
1 205 247
1 205 248
1 205 249
1 205 250
1 205 251
1 205 252
1 205 253
1 205 254
1 205 255
1 205 402
1 205 403
1 206 0
1 206 1
1 206 2
1 206 3
1 206 111
1 206 112
1 206 113
1 206 114
1 206 115
1 206 116
1 206 117
1 206 118
1 206 119
1 206 154
1 206 155
1 206 156
1 206 157
1 206 158
1 206 159
1 206 160
1 206 161
1 206 162
1 206 163
1 206 164
1 206 224
1 206 225
1 206 226
1 206 227
1 206 228
1 206 229
1 206 230
1 206 231
1 206 232
1 206 233
1 206 234
1 206 244
1 206 245
1 206 246
1 206 247
1 206 248
1 206 249
1 206 250
1 206 251
1 206 252
1 206 402
1 206 403
1 207 0
1 207 1
1 207 2
1 207 3
1 207 114
1 207 115
1 207 116
1 207 117
1 207 118
1 207 119
1 207 120
1 207 121
1 207 122
1 207 157
1 207 158
1 207 159
1 207 160
1 207 161
1 207 162
1 207 163
1 207 164
1 207 165
1 207 166
1 207 167
1 207 168
1 207 220
1 207 221
1 207 222
1 207 223
1 207 224
1 207 225
1 207 226
1 207 227
1 207 228
1 207 229
1 207 230
1 207 231
1 207 241
1 207 242
1 207 243
1 207 244
1 207 245
1 207 246
1 207 247
1 207 248
1 207 249
1 207 402
1 207 403
1 208 0
1 208 1
1 208 2
1 208 3
1 208 117
1 208 118
1 208 119
1 208 120
1 208 121
1 208 122
1 208 123
1 208 124
1 208 125
1 208 126
1 208 160
1 208 161
1 208 162
1 208 163
1 208 164
1 208 165
1 208 166
1 208 167
1 208 168
1 208 169
1 208 170
1 208 171
1 208 172
1 208 173
1 208 174
1 208 214
1 208 215
1 208 216
1 208 217
1 208 218
1 208 219
1 208 220
1 208 221
1 208 222
1 208 223
1 208 224
1 208 225
1 208 226
1 208 227
1 208 228
1 208 237
1 208 238
1 208 239
1 208 240
1 208 241
1 208 242
1 208 243
1 208 244
1 208 245
1 208 246
1 208 402
1 208 403
1 209 0
1 209 1
1 209 2
1 209 3
1 209 120
1 209 121
1 209 122
1 209 123
1 209 124
1 209 125
1 209 126
1 209 127
1 209 128
1 209 129
1 209 130
1 209 165
1 209 166
1 209 167
1 209 168
1 209 169
1 209 170
1 209 171
1 209 172
1 209 173
1 209 174
1 209 175
1 209 176
1 209 177
1 209 178
1 209 179
1 209 180
1 209 181
1 209 182
1 209 206
1 209 207
1 209 208
1 209 209
1 209 210
1 209 211
1 209 212
1 209 213
1 209 214
1 209 215
1 209 216
1 209 217
1 209 218
1 209 219
1 209 220
1 209 221
1 209 222
1 209 223
1 209 224
1 209 233
1 209 234
1 209 235
1 209 236
1 209 237
1 209 238
1 209 239
1 209 240
1 209 241
1 209 242
1 209 243
1 209 402
1 209 403
1 210 0
1 210 1
1 210 2
1 210 3
1 210 4
1 210 123
1 210 124
1 210 125
1 210 126
1 210 127
1 210 128
1 210 129
1 210 130
1 210 131
1 210 132
1 210 133
1 210 169
1 210 170
1 210 171
1 210 172
1 210 173
1 210 174
1 210 175
1 210 176
1 210 177
1 210 178
1 210 179
1 210 180
1 210 181
1 210 182
1 210 183
1 210 184
1 210 185
1 210 186
1 210 187
1 210 188
1 210 189
1 210 190
1 210 191
1 210 192
1 210 193
1 210 194
1 210 195
1 210 196
1 210 197
1 210 198
1 210 199
1 210 200
1 210 201
1 210 202
1 210 203
1 210 204
1 210 205
1 210 206
1 210 207
1 210 208
1 210 209
1 210 210
1 210 211
1 210 212
1 210 213
1 210 214
1 210 215
1 210 216
1 210 217
1 210 218
1 210 219
1 210 230
1 210 231
1 210 232
1 210 233
1 210 234
1 210 235
1 210 236
1 210 237
1 210 238
1 210 239
1 210 240
1 210 402
1 210 403
1 211 0
1 211 1
1 211 2
1 211 3
1 211 4
1 211 126
1 211 127
1 211 128
1 211 129
1 211 130
1 211 131
1 211 132
1 211 133
1 211 134
1 211 135
1 211 136
1 211 137
1 211 138
1 211 175
1 211 176
1 211 177
1 211 178
1 211 179
1 211 180
1 211 181
1 211 182
1 211 183
1 211 184
1 211 185
1 211 186
1 211 187
1 211 188
1 211 189
1 211 190
1 211 191
1 211 192
1 211 193
1 211 194
1 211 195
1 211 196
1 211 197
1 211 198
1 211 199
1 211 200
1 211 201
1 211 202
1 211 203
1 211 204
1 211 205
1 211 206
1 211 207
1 211 208
1 211 209
1 211 210
1 211 211
1 211 212
1 211 213
1 211 225
1 211 226
1 211 227
1 211 228
1 211 229
1 211 230
1 211 231
1 211 232
1 211 233
1 211 234
1 211 235
1 211 236
1 211 237
1 211 402
1 211 403
1 212 0
1 212 1
1 212 2
1 212 3
1 212 4
1 212 130
1 212 131
1 212 132
1 212 133
1 212 134
1 212 135
1 212 136
1 212 137
1 212 138
1 212 139
1 212 140
1 212 141
1 212 142
1 212 143
1 212 183
1 212 184
1 212 185
1 212 186
1 212 187
1 212 188
1 212 189
1 212 190
1 212 191
1 212 192
1 212 193
1 212 194
1 212 195
1 212 196
1 212 197
1 212 198
1 212 199
1 212 200
1 212 201
1 212 202
1 212 203
1 212 204
1 212 205
1 212 220
1 212 221
1 212 222
1 212 223
1 212 224
1 212 225
1 212 226
1 212 227
1 212 228
1 212 229
1 212 230
1 212 231
1 212 232
1 212 233
1 212 402
1 212 403
1 213 0
1 213 1
1 213 2
1 213 3
1 213 4
1 213 134
1 213 135
1 213 136
1 213 137
1 213 138
1 213 139
1 213 140
1 213 141
1 213 142
1 213 143
1 213 144
1 213 145
1 213 146
1 213 147
1 213 148
1 213 214
1 213 215
1 213 216
1 213 217
1 213 218
1 213 219
1 213 220
1 213 221
1 213 222
1 213 223
1 213 224
1 213 225
1 213 226
1 213 227
1 213 228
1 213 229
1 213 402
1 213 403
1 214 0
1 214 1
1 214 2
1 214 3
1 214 4
1 214 51
1 214 52
1 214 53
1 214 138
1 214 139
1 214 140
1 214 141
1 214 142
1 214 143
1 214 144
1 214 145
1 214 146
1 214 147
1 214 148
1 214 149
1 214 150
1 214 151
1 214 152
1 214 153
1 214 154
1 214 155
1 214 156
1 214 207
1 214 208
1 214 209
1 214 210
1 214 211
1 214 212
1 214 213
1 214 214
1 214 215
1 214 216
1 214 217
1 214 218
1 214 219
1 214 220
1 214 221
1 214 222
1 214 223
1 214 224
1 214 225
1 214 271
1 214 272
1 214 273
1 214 274
1 214 275
1 214 337
1 214 338
1 214 339
1 214 340
1 214 341
1 214 342
1 214 343
1 214 344
1 214 345
1 214 346
1 214 347
1 214 348
1 214 349
1 214 350
1 214 351
1 214 352
1 214 353
1 214 354
1 214 355
1 214 356
1 214 357
1 214 358
1 214 359
1 214 360
1 214 361
1 214 362
1 214 363
1 214 364
1 214 365
1 214 366
1 214 367
1 214 368
1 214 369
1 214 370
1 214 371
1 214 372
1 214 373
1 214 374
1 214 375
1 214 376
1 214 402
1 214 403
1 215 0
1 215 1
1 215 2
1 215 3
1 215 4
1 215 48
1 215 49
1 215 50
1 215 51
1 215 52
1 215 53
1 215 54
1 215 55
1 215 144
1 215 145
1 215 146
1 215 147
1 215 148
1 215 149
1 215 150
1 215 151
1 215 152
1 215 153
1 215 154
1 215 155
1 215 156
1 215 157
1 215 158
1 215 159
1 215 160
1 215 161
1 215 162
1 215 163
1 215 164
1 215 165
1 215 166
1 215 167
1 215 197
1 215 198
1 215 199
1 215 200
1 215 201
1 215 202
1 215 203
1 215 204
1 215 205
1 215 206
1 215 207
1 215 208
1 215 209
1 215 210
1 215 211
1 215 212
1 215 213
1 215 214
1 215 215
1 215 216
1 215 217
1 215 218
1 215 219
1 215 269
1 215 270
1 215 271
1 215 272
1 215 273
1 215 274
1 215 275
1 215 276
1 215 277
1 215 278
1 215 279
1 215 280
1 215 281
1 215 282
1 215 285
1 215 286
1 215 287
1 215 288
1 215 289
1 215 290
1 215 291
1 215 292
1 215 293
1 215 294
1 215 295
1 215 296
1 215 297
1 215 298
1 215 299
1 215 300
1 215 301
1 215 302
1 215 303
1 215 304
1 215 305
1 215 306
1 215 307
1 215 308
1 215 309
1 215 310
1 215 311
1 215 312
1 215 313
1 215 314
1 215 315
1 215 316
1 215 317
1 215 318
1 215 319
1 215 320
1 215 321
1 215 322
1 215 323
1 215 324
1 215 325
1 215 326
1 215 327
1 215 328
1 215 329
1 215 330
1 215 331
1 215 332
1 215 333
1 215 334
1 215 335
1 215 336
1 215 337
1 215 338
1 215 339
1 215 340
1 215 341
1 215 342
1 215 343
1 215 344
1 215 345
1 215 346
1 215 347
1 215 348
1 215 349
1 215 350
1 215 351
1 215 352
1 215 353
1 215 354
1 215 355
1 215 356
1 215 357
1 215 358
1 215 359
1 215 360
1 215 361
1 215 362
1 215 363
1 215 364
1 215 365
1 215 366
1 215 367
1 215 368
1 215 369
1 215 370
1 215 371
1 215 372
1 215 373
1 215 374
1 215 375
1 215 376
1 215 377
1 215 378
1 215 379
1 215 380
1 215 381
1 215 382
1 215 383
1 215 384
1 215 385
1 215 386
1 215 387
1 215 388
1 215 389
1 215 390
1 215 391
1 215 392
1 215 393
1 215 394
1 215 395
1 215 396
1 215 397
1 215 398
1 215 399
1 215 400
1 215 401
1 215 402
1 215 403
1 216 0
1 216 1
1 216 2
1 216 3
1 216 4
1 216 5
1 216 42
1 216 43
1 216 44
1 216 45
1 216 46
1 216 47
1 216 48
1 216 49
1 216 50
1 216 51
1 216 52
1 216 53
1 216 54
1 216 55
1 216 56
1 216 57
1 216 58
1 216 59
1 216 60
1 216 61
1 216 62
1 216 63
1 216 64
1 216 65
1 216 66
1 216 67
1 216 68
1 216 69
1 216 70
1 216 71
1 216 72
1 216 73
1 216 74
1 216 75
1 216 76
1 216 77
1 216 78
1 216 79
1 216 80
1 216 81
1 216 82
1 216 83
1 216 84
1 216 85
1 216 86
1 216 87
1 216 88
1 216 89
1 216 90
1 216 91
1 216 92
1 216 93
1 216 94
1 216 95
1 216 96
1 216 97
1 216 98
1 216 99
1 216 100
1 216 101
1 216 102
1 216 103
1 216 104
1 216 105
1 216 106
1 216 149
1 216 150
1 216 151
1 216 152
1 216 153
1 216 154
1 216 155
1 216 156
1 216 157
1 216 158
1 216 159
1 216 160
1 216 161
1 216 162
1 216 163
1 216 164
1 216 165
1 216 166
1 216 167
1 216 168
1 216 169
1 216 170
1 216 171
1 216 172
1 216 173
1 216 174
1 216 175
1 216 176
1 216 177
1 216 178
1 216 179
1 216 180
1 216 181
1 216 182
1 216 183
1 216 184
1 216 185
1 216 186
1 216 187
1 216 188
1 216 189
1 216 190
1 216 191
1 216 192
1 216 193
1 216 194
1 216 195
1 216 196
1 216 197
1 216 198
1 216 199
1 216 200
1 216 201
1 216 202
1 216 203
1 216 204
1 216 205
1 216 206
1 216 207
1 216 208
1 216 209
1 216 210
1 216 211
1 216 212
1 216 213
1 216 214
1 216 269
1 216 270
1 216 271
1 216 272
1 216 273
1 216 274
1 216 275
1 216 276
1 216 277
1 216 278
1 216 279
1 216 280
1 216 281
1 216 282
1 216 283
1 216 284
1 216 285
1 216 286
1 216 287
1 216 288
1 216 289
1 216 290
1 216 291
1 216 292
1 216 293
1 216 294
1 216 295
1 216 296
1 216 297
1 216 298
1 216 299
1 216 300
1 216 301
1 216 302
1 216 303
1 216 304
1 216 305
1 216 306
1 216 307
1 216 308
1 216 309
1 216 310
1 216 311
1 216 312
1 216 313
1 216 314
1 216 315
1 216 316
1 216 317
1 216 318
1 216 319
1 216 320
1 216 321
1 216 322
1 216 323
1 216 324
1 216 325
1 216 326
1 216 327
1 216 328
1 216 329
1 216 330
1 216 331
1 216 332
1 216 333
1 216 334
1 216 335
1 216 336
1 216 337
1 216 338
1 216 339
1 216 340
1 216 341
1 216 342
1 216 343
1 216 344
1 216 345
1 216 346
1 216 347
1 216 348
1 216 349
1 216 350
1 216 351
1 216 352
1 216 353
1 216 354
1 216 355
1 216 356
1 216 357
1 216 358
1 216 359
1 216 360
1 216 361
1 216 362
1 216 363
1 216 364
1 216 365
1 216 366
1 216 367
1 216 368
1 216 369
1 216 370
1 216 371
1 216 372
1 216 373
1 216 374
1 216 375
1 216 376
1 216 377
1 216 378
1 216 379
1 216 380
1 216 381
1 216 382
1 216 383
1 216 384
1 216 385
1 216 386
1 216 387
1 216 388
1 216 389
1 216 390
1 216 391
1 216 392
1 216 393
1 216 394
1 216 395
1 216 396
1 216 397
1 216 398
1 216 399
1 216 400
1 216 401
1 216 402
1 216 403
1 217 0
1 217 1
1 217 2
1 217 3
1 217 4
1 217 5
1 217 6
1 217 7
1 217 8
1 217 9
1 217 39
1 217 40
1 217 41
1 217 42
1 217 43
1 217 44
1 217 45
1 217 46
1 217 47
1 217 48
1 217 49
1 217 50
1 217 51
1 217 52
1 217 53
1 217 54
1 217 55
1 217 56
1 217 57
1 217 58
1 217 59
1 217 60
1 217 61
1 217 62
1 217 63
1 217 64
1 217 65
1 217 66
1 217 67
1 217 68
1 217 69
1 217 70
1 217 71
1 217 72
1 217 73
1 217 74
1 217 75
1 217 76
1 217 77
1 217 78
1 217 79
1 217 80
1 217 81
1 217 82
1 217 83
1 217 84
1 217 85
1 217 86
1 217 87
1 217 88
1 217 89
1 217 90
1 217 91
1 217 92
1 217 93
1 217 94
1 217 95
1 217 96
1 217 97
1 217 98
1 217 99
1 217 100
1 217 101
1 217 102
1 217 103
1 217 104
1 217 105
1 217 106
1 217 107
1 217 108
1 217 109
1 217 110
1 217 111
1 217 112
1 217 113
1 217 114
1 217 115
1 217 116
1 217 117
1 217 118
1 217 119
1 217 120
1 217 121
1 217 122
1 217 123
1 217 124
1 217 125
1 217 126
1 217 127
1 217 128
1 217 129
1 217 130
1 217 131
1 217 132
1 217 133
1 217 134
1 217 135
1 217 136
1 217 137
1 217 138
1 217 139
1 217 140
1 217 141
1 217 142
1 217 143
1 217 144
1 217 145
1 217 146
1 217 147
1 217 148
1 217 149
1 217 150
1 217 151
1 217 152
1 217 153
1 217 154
1 217 155
1 217 156
1 217 157
1 217 158
1 217 159
1 217 160
1 217 161
1 217 162
1 217 163
1 217 164
1 217 165
1 217 166
1 217 167
1 217 168
1 217 169
1 217 170
1 217 171
1 217 172
1 217 173
1 217 174
1 217 175
1 217 176
1 217 177
1 217 178
1 217 179
1 217 180
1 217 181
1 217 182
1 217 183
1 217 184
1 217 185
1 217 186
1 217 187
1 217 188
1 217 189
1 217 190
1 217 191
1 217 192
1 217 193
1 217 194
1 217 195
1 217 196
1 217 197
1 217 198
1 217 199
1 217 200
1 217 201
1 217 202
1 217 203
1 217 204
1 217 205
1 217 206
1 217 207
1 217 208
1 217 209
1 217 210
1 217 211
1 217 268
1 217 269
1 217 270
1 217 271
1 217 272
1 217 273
1 217 274
1 217 275
1 217 276
1 217 277
1 217 278
1 217 279
1 217 280
1 217 281
1 217 282
1 217 283
1 217 284
1 217 285
1 217 286
1 217 287
1 217 288
1 217 289
1 217 290
1 217 291
1 217 292
1 217 293
1 217 294
1 217 295
1 217 296
1 217 297
1 217 298
1 217 299
1 217 300
1 217 301
1 217 302
1 217 303
1 217 304
1 217 305
1 217 306
1 217 307
1 217 308
1 217 309
1 217 310
1 217 311
1 217 312
1 217 313
1 217 314
1 217 315
1 217 316
1 217 317
1 217 318
1 217 319
1 217 320
1 217 321
1 217 322
1 217 323
1 217 324
1 217 325
1 217 326
1 217 327
1 217 328
1 217 329
1 217 330
1 217 331
1 217 332
1 217 333
1 217 334
1 217 335
1 217 336
1 217 337
1 217 338
1 217 339
1 217 340
1 217 341
1 217 342
1 217 343
1 217 344
1 217 345
1 217 346
1 217 347
1 217 348
1 217 349
1 217 350
1 217 351
1 217 352
1 217 353
1 217 354
1 217 355
1 217 356
1 217 357
1 217 358
1 217 359
1 217 360
1 217 361
1 217 362
1 217 363
1 217 364
1 217 365
1 217 366
1 217 367
1 217 368
1 217 369
1 217 370
1 217 371
1 217 372
1 217 373
1 217 374
1 217 375
1 217 376
1 217 377
1 217 378
1 217 379
1 217 380
1 217 381
1 217 382
1 217 383
1 217 384
1 217 385
1 217 386
1 217 387
1 217 388
1 217 389
1 217 390
1 217 391
1 217 392
1 217 393
1 217 394
1 217 395
1 217 396
1 217 397
1 217 398
1 217 399
1 217 400
1 217 401
1 217 402
1 217 403
1 218 0
1 218 1
1 218 2
1 218 3
1 218 4
1 218 5
1 218 6
1 218 7
1 218 8
1 218 9
1 218 10
1 218 11
1 218 35
1 218 36
1 218 37
1 218 38
1 218 39
1 218 40
1 218 41
1 218 42
1 218 43
1 218 44
1 218 45
1 218 46
1 218 47
1 218 48
1 218 49
1 218 50
1 218 51
1 218 52
1 218 53
1 218 54
1 218 55
1 218 56
1 218 57
1 218 58
1 218 59
1 218 60
1 218 61
1 218 62
1 218 63
1 218 64
1 218 65
1 218 66
1 218 67
1 218 68
1 218 69
1 218 70
1 218 71
1 218 72
1 218 73
1 218 74
1 218 75
1 218 76
1 218 77
1 218 78
1 218 79
1 218 80
1 218 81
1 218 82
1 218 83
1 218 84
1 218 85
1 218 86
1 218 87
1 218 88
1 218 89
1 218 90
1 218 91
1 218 92
1 218 93
1 218 94
1 218 95
1 218 96
1 218 97
1 218 98
1 218 99
1 218 100
1 218 101
1 218 102
1 218 103
1 218 104
1 218 105
1 218 106
1 218 107
1 218 108
1 218 109
1 218 110
1 218 111
1 218 112
1 218 113
1 218 114
1 218 115
1 218 116
1 218 117
1 218 118
1 218 119
1 218 120
1 218 121
1 218 122
1 218 123
1 218 124
1 218 125
1 218 126
1 218 127
1 218 128
1 218 129
1 218 130
1 218 131
1 218 132
1 218 133
1 218 134
1 218 135
1 218 136
1 218 137
1 218 138
1 218 139
1 218 140
1 218 141
1 218 142
1 218 143
1 218 144
1 218 145
1 218 146
1 218 147
1 218 148
1 218 149
1 218 150
1 218 151
1 218 152
1 218 153
1 218 154
1 218 155
1 218 156
1 218 157
1 218 158
1 218 159
1 218 160
1 218 161
1 218 162
1 218 163
1 218 164
1 218 165
1 218 166
1 218 167
1 218 168
1 218 169
1 218 170
1 218 171
1 218 172
1 218 173
1 218 174
1 218 175
1 218 176
1 218 177
1 218 178
1 218 179
1 218 180
1 218 181
1 218 182
1 218 183
1 218 184
1 218 185
1 218 186
1 218 187
1 218 188
1 218 189
1 218 190
1 218 191
1 218 192
1 218 193
1 218 194
1 218 195
1 218 196
1 218 197
1 218 198
1 218 199
1 218 200
1 218 201
1 218 202
1 218 203
1 218 204
1 218 205
1 218 206
1 218 207
1 218 208
1 218 209
1 218 210
1 218 211
1 218 212
1 218 213
1 218 214
1 218 215
1 218 216
1 218 217
1 218 218
1 218 219
1 218 220
1 218 221
1 218 222
1 218 223
1 218 224
1 218 225
1 218 226
1 218 227
1 218 228
1 218 229
1 218 230
1 218 231
1 218 232
1 218 233
1 218 234
1 218 235
1 218 236
1 218 237
1 218 238
1 218 239
1 218 240
1 218 241
1 218 242
1 218 243
1 218 244
1 218 245
1 218 246
1 218 247
1 218 248
1 218 249
1 218 250
1 218 251
1 218 252
1 218 253
1 218 254
1 218 255
1 218 256
1 218 257
1 218 258
1 218 259
1 218 260
1 218 261
1 218 262
1 218 263
1 218 264
1 218 265
1 218 268
1 218 269
1 218 270
1 218 271
1 218 272
1 218 273
1 218 274
1 218 275
1 218 276
1 218 277
1 218 278
1 218 279
1 218 280
1 218 281
1 218 282
1 218 283
1 218 284
1 218 285
1 218 286
1 218 287
1 218 288
1 218 289
1 218 290
1 218 291
1 218 292
1 218 293
1 218 294
1 218 295
1 218 296
1 218 297
1 218 298
1 218 299
1 218 300
1 218 301
1 218 302
1 218 303
1 218 304
1 218 305
1 218 306
1 218 307
1 218 308
1 218 309
1 218 310
1 218 311
1 218 312
1 218 313
1 218 314
1 218 315
1 218 316
1 218 317
1 218 318
1 218 319
1 218 320
1 218 321
1 218 322
1 218 323
1 218 324
1 218 325
1 218 326
1 218 327
1 218 328
1 218 329
1 218 330
1 218 331
1 218 332
1 218 333
1 218 334
1 218 335
1 218 336
1 218 337
1 218 338
1 218 339
1 218 340
1 218 341
1 218 342
1 218 343
1 218 344
1 218 345
1 218 346
1 218 347
1 218 348
1 218 349
1 218 350
1 218 351
1 218 352
1 218 353
1 218 354
1 218 355
1 218 356
1 218 357
1 218 358
1 218 359
1 218 360
1 218 361
1 218 362
1 218 363
1 218 364
1 218 365
1 218 366
1 218 367
1 218 368
1 218 369
1 218 370
1 218 371
1 218 372
1 218 373
1 218 374
1 218 375
1 218 376
1 218 377
1 218 378
1 218 379
1 218 380
1 218 381
1 218 382
1 218 383
1 218 384
1 218 385
1 218 386
1 218 387
1 218 388
1 218 389
1 218 390
1 218 391
1 218 392
1 218 393
1 218 394
1 218 395
1 218 396
1 218 397
1 218 398
1 218 399
1 218 400
1 218 401
1 218 402
1 218 403
1 219 0
1 219 1
1 219 2
1 219 3
1 219 4
1 219 5
1 219 6
1 219 7
1 219 8
1 219 9
1 219 10
1 219 11
1 219 12
1 219 13
1 219 14
1 219 15
1 219 16
1 219 17
1 219 18
1 219 19
1 219 20
1 219 21
1 219 22
1 219 23
1 219 24
1 219 25
1 219 26
1 219 27
1 219 28
1 219 29
1 219 30
1 219 31
1 219 32
1 219 33
1 219 34
1 219 35
1 219 36
1 219 37
1 219 38
1 219 39
1 219 40
1 219 41
1 219 42
1 219 43
1 219 44
1 219 45
1 219 46
1 219 47
1 219 48
1 219 49
1 219 50
1 219 51
1 219 52
1 219 53
1 219 54
1 219 55
1 219 56
1 219 57
1 219 58
1 219 59
1 219 60
1 219 61
1 219 62
1 219 63
1 219 64
1 219 65
1 219 66
1 219 67
1 219 68
1 219 69
1 219 70
1 219 71
1 219 72
1 219 73
1 219 74
1 219 75
1 219 76
1 219 77
1 219 78
1 219 79
1 219 80
1 219 81
1 219 82
1 219 83
1 219 84
1 219 85
1 219 86
1 219 87
1 219 88
1 219 89
1 219 90
1 219 91
1 219 92
1 219 93
1 219 94
1 219 95
1 219 96
1 219 97
1 219 98
1 219 99
1 219 100
1 219 101
1 219 102
1 219 103
1 219 104
1 219 105
1 219 106
1 219 107
1 219 108
1 219 109
1 219 110
1 219 111
1 219 112
1 219 113
1 219 114
1 219 115
1 219 116
1 219 117
1 219 118
1 219 119
1 219 120
1 219 121
1 219 122
1 219 123
1 219 124
1 219 125
1 219 126
1 219 127
1 219 128
1 219 129
1 219 130
1 219 131
1 219 132
1 219 133
1 219 134
1 219 135
1 219 136
1 219 137
1 219 138
1 219 139
1 219 140
1 219 141
1 219 142
1 219 143
1 219 144
1 219 145
1 219 146
1 219 147
1 219 148
1 219 149
1 219 150
1 219 151
1 219 152
1 219 153
1 219 154
1 219 155
1 219 156
1 219 157
1 219 158
1 219 159
1 219 160
1 219 161
1 219 162
1 219 163
1 219 164
1 219 165
1 219 166
1 219 167
1 219 168
1 219 169
1 219 170
1 219 171
1 219 172
1 219 173
1 219 174
1 219 175
1 219 176
1 219 177
1 219 178
1 219 179
1 219 180
1 219 181
1 219 182
1 219 183
1 219 184
1 219 185
1 219 186
1 219 187
1 219 188
1 219 189
1 219 190
1 219 191
1 219 192
1 219 193
1 219 194
1 219 195
1 219 196
1 219 197
1 219 198
1 219 199
1 219 200
1 219 201
1 219 202
1 219 203
1 219 204
1 219 205
1 219 206
1 219 207
1 219 208
1 219 209
1 219 210
1 219 211
1 219 212
1 219 213
1 219 214
1 219 215
1 219 216
1 219 217
1 219 218
1 219 219
1 219 220
1 219 221
1 219 222
1 219 223
1 219 224
1 219 225
1 219 226
1 219 227
1 219 228
1 219 229
1 219 230
1 219 231
1 219 232
1 219 233
1 219 234
1 219 235
1 219 236
1 219 237
1 219 238
1 219 239
1 219 240
1 219 241
1 219 242
1 219 243
1 219 244
1 219 245
1 219 246
1 219 247
1 219 248
1 219 249
1 219 250
1 219 251
1 219 252
1 219 253
1 219 254
1 219 255
1 219 256
1 219 257
1 219 258
1 219 259
1 219 260
1 219 261
1 219 262
1 219 263
1 219 264
1 219 265
1 219 266
1 219 267
1 219 268
1 219 269
1 219 270
1 219 271
1 219 272
1 219 273
1 219 274
1 219 275
1 219 276
1 219 277
1 219 278
1 219 279
1 219 280
1 219 281
1 219 282
1 219 283
1 219 284
1 219 285
1 219 286
1 219 287
1 219 288
1 219 289
1 219 290
1 219 291
1 219 292
1 219 293
1 219 294
1 219 295
1 219 296
1 219 297
1 219 298
1 219 299
1 219 300
1 219 301
1 219 302
1 219 303
1 219 304
1 219 305
1 219 306
1 219 307
1 219 308
1 219 309
1 219 310
1 219 311
1 219 312
1 219 313
1 219 314
1 219 315
1 219 316
1 219 317
1 219 318
1 219 319
1 219 320
1 219 321
1 219 322
1 219 323
1 219 324
1 219 325
1 219 326
1 219 327
1 219 328
1 219 329
1 219 330
1 219 331
1 219 332
1 219 333
1 219 334
1 219 335
1 219 336
1 219 337
1 219 338
1 219 339
1 219 340
1 219 341
1 219 342
1 219 343
1 219 344
1 219 345
1 219 346
1 219 347
1 219 348
1 219 349
1 219 350
1 219 351
1 219 352
1 219 353
1 219 354
1 219 355
1 219 356
1 219 357
1 219 358
1 219 359
1 219 360
1 219 361
1 219 362
1 219 363
1 219 364
1 219 365
1 219 366
1 219 367
1 219 368
1 219 369
1 219 370
1 219 371
1 219 372
1 219 373
1 219 374
1 219 375
1 219 376
1 219 377
1 219 378
1 219 379
1 219 380
1 219 381
1 219 382
1 219 383
1 219 384
1 219 385
1 219 386
1 219 387
1 219 388
1 219 389
1 219 390
1 219 391
1 219 392
1 219 393
1 219 394
1 219 395
1 219 396
1 219 397
1 219 398
1 219 399
1 219 400
1 219 401
1 219 402
1 219 403
1 220 0
1 220 1
1 220 2
1 220 3
1 220 4
1 220 5
1 220 6
1 220 7
1 220 8
1 220 9
1 220 10
1 220 11
1 220 12
1 220 13
1 220 14
1 220 15
1 220 16
1 220 17
1 220 18
1 220 19
1 220 20
1 220 21
1 220 22
1 220 23
1 220 24
1 220 25
1 220 26
1 220 27
1 220 28
1 220 29
1 220 30
1 220 31
1 220 32
1 220 33
1 220 34
1 220 35
1 220 36
1 220 37
1 220 38
1 220 39
1 220 40
1 220 41
1 220 42
1 220 43
1 220 44
1 220 45
1 220 46
1 220 47
1 220 48
1 220 49
1 220 50
1 220 51
1 220 52
1 220 53
1 220 54
1 220 55
1 220 56
1 220 57
1 220 58
1 220 59
1 220 60
1 220 61
1 220 62
1 220 63
1 220 64
1 220 65
1 220 66
1 220 67
1 220 68
1 220 69
1 220 70
1 220 71
1 220 72
1 220 73
1 220 74
1 220 75
1 220 76
1 220 77
1 220 78
1 220 79
1 220 80
1 220 81
1 220 82
1 220 83
1 220 84
1 220 85
1 220 86
1 220 87
1 220 88
1 220 89
1 220 90
1 220 91
1 220 92
1 220 93
1 220 94
1 220 95
1 220 96
1 220 97
1 220 98
1 220 99
1 220 100
1 220 101
1 220 102
1 220 103
1 220 104
1 220 105
1 220 106
1 220 107
1 220 108
1 220 109
1 220 110
1 220 111
1 220 112
1 220 113
1 220 114
1 220 115
1 220 116
1 220 117
1 220 118
1 220 119
1 220 120
1 220 121
1 220 122
1 220 123
1 220 124
1 220 125
1 220 126
1 220 127
1 220 128
1 220 129
1 220 130
1 220 131
1 220 132
1 220 133
1 220 134
1 220 135
1 220 136
1 220 137
1 220 138
1 220 139
1 220 140
1 220 141
1 220 142
1 220 143
1 220 144
1 220 145
1 220 146
1 220 147
1 220 148
1 220 149
1 220 150
1 220 151
1 220 152
1 220 153
1 220 154
1 220 155
1 220 156
1 220 157
1 220 158
1 220 159
1 220 160
1 220 161
1 220 162
1 220 163
1 220 164
1 220 165
1 220 166
1 220 167
1 220 168
1 220 169
1 220 170
1 220 171
1 220 172
1 220 173
1 220 174
1 220 175
1 220 176
1 220 177
1 220 178
1 220 179
1 220 180
1 220 181
1 220 182
1 220 183
1 220 184
1 220 185
1 220 186
1 220 187
1 220 188
1 220 189
1 220 190
1 220 191
1 220 192
1 220 193
1 220 194
1 220 195
1 220 196
1 220 197
1 220 198
1 220 199
1 220 200
1 220 201
1 220 202
1 220 203
1 220 204
1 220 205
1 220 206
1 220 207
1 220 208
1 220 209
1 220 210
1 220 211
1 220 212
1 220 213
1 220 214
1 220 215
1 220 216
1 220 217
1 220 218
1 220 219
1 220 220
1 220 221
1 220 222
1 220 223
1 220 224
1 220 225
1 220 226
1 220 227
1 220 228
1 220 229
1 220 230
1 220 231
1 220 232
1 220 233
1 220 234
1 220 235
1 220 236
1 220 237
1 220 238
1 220 239
1 220 240
1 220 241
1 220 242
1 220 243
1 220 244
1 220 245
1 220 246
1 220 247
1 220 248
1 220 249
1 220 250
1 220 251
1 220 252
1 220 253
1 220 254
1 220 255
1 220 256
1 220 257
1 220 258
1 220 259
1 220 260
1 220 261
1 220 262
1 220 263
1 220 264
1 220 265
1 220 266
1 220 267
1 220 268
1 220 269
1 220 270
1 220 271
1 220 272
1 220 273
1 220 274
1 220 275
1 220 276
1 220 277
1 220 278
1 220 279
1 220 280
1 220 281
1 220 282
1 220 283
1 220 284
1 220 285
1 220 286
1 220 287
1 220 288
1 220 289
1 220 290
1 220 291
1 220 292
1 220 293
1 220 294
1 220 295
1 220 296
1 220 297
1 220 298
1 220 299
1 220 300
1 220 301
1 220 302
1 220 303
1 220 304
1 220 305
1 220 306
1 220 307
1 220 308
1 220 309
1 220 310
1 220 311
1 220 312
1 220 313
1 220 314
1 220 315
1 220 316
1 220 317
1 220 318
1 220 319
1 220 320
1 220 321
1 220 322
1 220 323
1 220 324
1 220 325
1 220 326
1 220 327
1 220 328
1 220 329
1 220 330
1 220 331
1 220 332
1 220 333
1 220 334
1 220 335
1 220 336
1 220 337
1 220 338
1 220 339
1 220 340
1 220 341
1 220 342
1 220 343
1 220 344
1 220 345
1 220 346
1 220 347
1 220 348
1 220 349
1 220 350
1 220 351
1 220 352
1 220 353
1 220 354
1 220 355
1 220 356
1 220 357
1 220 358
1 220 359
1 220 360
1 220 361
1 220 362
1 220 363
1 220 364
1 220 365
1 220 366
1 220 367
1 220 368
1 220 369
1 220 370
1 220 371
1 220 372
1 220 373
1 220 374
1 220 375
1 220 376
1 220 377
1 220 378
1 220 379
1 220 380
1 220 381
1 220 382
1 220 383
1 220 384
1 220 385
1 220 386
1 220 387
1 220 388
1 220 389
1 220 390
1 220 391
1 220 392
1 220 393
1 220 394
1 220 395
1 220 396
1 220 397
1 220 398
1 220 399
1 220 400
1 220 401
1 220 402
1 220 403
