1 0 0
1 0 1
1 0 2
1 0 3
1 0 4
1 0 5
1 0 6
1 0 7
1 0 8
1 0 9
1 0 10
1 0 11
1 0 12
1 0 13
1 0 14
1 0 15
1 0 16
1 0 17
1 0 18
1 0 19
1 0 20
1 0 21
1 0 22
1 0 23
1 0 24
1 0 25
1 0 26
1 0 27
1 0 28
1 0 29
1 0 30
1 0 31
1 0 32
1 0 33
1 0 34
1 0 35
1 0 36
1 0 37
1 0 38
1 0 39
1 1 0
1 1 39
1 2 0
1 2 39
1 3 0
1 3 39
1 4 0
1 4 39
1 5 0
1 5 39
1 6 0
1 6 39
1 7 0
1 7 39
1 8 0
1 8 39
1 9 0
1 9 39
1 10 0
1 10 39
1 11 0
1 11 39
1 12 0
1 12 34
1 12 39
1 13 0
1 13 34
1 13 39
1 14 0
1 14 34
1 14 39
1 15 0
1 15 34
1 15 39
1 16 0
1 16 34
1 16 39
1 17 0
1 17 34
1 17 39
1 18 0
1 18 34
1 18 39
1 19 0
1 19 1
1 19 2
1 19 3
1 19 4
1 19 5
1 19 6
1 19 7
1 19 8
1 19 9
1 19 10
1 19 11
1 19 12
1 19 13
1 19 14
1 19 15
1 19 16
1 19 17
1 19 18
1 19 19
1 19 20
1 19 21
1 19 22
1 19 23
1 19 24
1 19 25
1 19 26
1 19 27
1 19 28
1 19 29
1 19 30
1 19 31
1 19 32
1 19 33
1 19 34
1 19 35
1 19 36
1 19 37
1 19 38
1 19 39
