1 0 0
1 0 1
1 0 2
1 0 3
1 0 4
1 0 5
1 0 6
1 0 7
1 0 8
1 0 9
1 0 10
1 0 11
1 0 12
1 0 13
1 0 14
1 0 15
1 0 16
1 0 17
1 0 18
1 0 19
1 0 20
1 0 21
1 0 22
1 0 23
1 0 24
1 0 25
1 0 26
1 0 27
1 0 28
1 0 29
1 0 30
1 0 31
1 0 32
1 0 33
1 0 34
1 0 35
1 0 36
1 0 37
1 0 38
1 0 39
1 1 0
1 1 8
1 1 12
1 1 18
1 1 23
1 1 29
1 1 39
1 2 0
1 2 5
1 2 10
1 2 18
1 2 29
1 2 35
1 2 39
1 3 0
1 3 5
1 3 8
1 3 9
1 3 10
1 3 11
1 3 12
1 3 18
1 3 23
1 3 29
1 3 35
1 3 36
1 3 39
1 4 0
1 4 1
1 4 2
1 4 3
1 4 4
1 4 5
1 4 7
1 4 8
1 4 12
1 4 15
1 4 16
1 4 17
1 4 18
1 4 20
1 4 21
1 4 23
1 4 35
1 4 39
1 5 0
1 5 5
1 5 8
1 5 12
1 5 18
1 5 20
1 5 23
1 5 24
1 5 25
1 5 26
1 5 27
1 5 28
1 5 29
1 5 35
1 5 39
1 6 0
1 6 2
1 6 8
1 6 12
1 6 15
1 6 20
1 6 29
1 6 35
1 6 38
1 6 39
1 7 0
1 7 2
1 7 8
1 7 12
1 7 14
1 7 15
1 7 16
1 7 17
1 7 20
1 7 24
1 7 29
1 7 30
1 7 31
1 7 32
1 7 33
1 7 34
1 7 35
1 7 39
1 8 0
1 8 2
1 8 3
1 8 4
1 8 5
1 8 6
1 8 7
1 8 8
1 8 11
1 8 12
1 8 17
1 8 18
1 8 19
1 8 20
1 8 21
1 8 22
1 8 23
1 8 24
1 8 29
1 8 33
1 8 39
1 9 0
1 9 5
1 9 12
1 9 24
1 9 29
1 9 33
1 9 39
1 10 0
1 10 5
1 10 8
1 10 12
1 10 18
1 10 24
1 10 25
1 10 26
1 10 27
1 10 29
1 10 33
1 10 35
1 10 36
1 10 39
1 11 0
1 11 3
1 11 4
1 11 5
1 11 8
1 11 18
1 11 19
1 11 20
1 11 21
1 11 23
1 11 24
1 11 29
1 11 35
1 11 39
1 12 0
1 12 5
1 12 8
1 12 10
1 12 11
1 12 12
1 12 13
1 12 14
1 12 15
1 12 16
1 12 17
1 12 18
1 12 23
1 12 29
1 12 35
1 12 39
1 13 0
1 13 5
1 13 13
1 13 18
1 13 23
1 13 28
1 13 29
1 13 30
1 13 31
1 13 33
1 13 34
1 13 35
1 13 36
1 13 37
1 13 38
1 13 39
1 14 0
1 14 1
1 14 2
1 14 5
1 14 6
1 14 7
1 14 8
1 14 11
1 14 12
1 14 13
1 14 18
1 14 28
1 14 39
1 15 0
1 15 6
1 15 16
1 15 18
1 15 20
1 15 21
1 15 22
1 15 23
1 15 24
1 15 25
1 15 26
1 15 28
1 15 39
1 16 0
1 16 6
1 16 11
1 16 13
1 16 14
1 16 15
1 16 16
1 16 17
1 16 18
1 16 28
1 16 39
1 17 0
1 17 6
1 17 11
1 17 18
1 17 22
1 17 28
1 17 39
1 18 0
1 18 11
1 18 18
1 18 22
1 18 28
1 18 39
1 19 0
1 19 1
1 19 2
1 19 3
1 19 4
1 19 5
1 19 6
1 19 7
1 19 8
1 19 9
1 19 10
1 19 11
1 19 12
1 19 13
1 19 14
1 19 15
1 19 16
1 19 17
1 19 18
1 19 19
1 19 20
1 19 21
1 19 22
1 19 23
1 19 24
1 19 25
1 19 26
1 19 27
1 19 28
1 19 29
1 19 30
1 19 31
1 19 32
1 19 33
1 19 34
1 19 35
1 19 36
1 19 37
1 19 38
1 19 39
