200 400
5 10
100 200
1 0 0
1 0 1
1 0 2
1 0 3
1 0 4
1 0 5
1 0 6
1 0 7
1 0 8
1 0 9
1 0 10
1 0 11
1 0 12
1 0 13
1 0 14
1 0 15
1 0 16
1 0 17
1 0 18
1 0 19
1 0 20
1 0 21
1 0 22
1 0 23
1 0 24
1 0 25
1 0 26
1 0 27
1 0 28
1 0 29
1 0 30
1 0 31
1 0 32
1 0 33
1 0 34
1 0 35
1 0 36
1 0 37
1 0 38
1 0 39
1 0 40
1 0 41
1 0 42
1 0 43
1 0 44
1 0 45
1 0 46
1 0 47
1 0 48
1 0 49
1 0 50
1 0 51
1 0 52
1 0 53
1 0 54
1 0 55
1 0 56
1 0 57
1 0 58
1 0 59
1 0 60
1 0 61
1 0 62
1 0 63
1 0 64
1 0 65
1 0 66
1 0 67
1 0 68
1 0 69
1 0 70
1 0 71
1 0 72
1 0 73
1 0 74
1 0 75
1 0 76
1 0 77
1 0 78
1 0 79
1 0 80
1 0 81
1 0 82
1 0 83
1 0 84
1 0 85
1 0 86
1 0 87
1 0 88
1 0 89
1 0 90
1 0 91
1 0 92
1 0 93
1 0 94
1 0 95
1 0 96
1 0 97
1 0 98
1 0 99
1 0 100
1 0 101
1 0 102
1 0 103
1 0 104
1 0 105
1 0 106
1 0 107
1 0 108
1 0 109
1 0 110
1 0 111
1 0 112
1 0 113
1 0 114
1 0 115
1 0 116
1 0 117
1 0 118
1 0 119
1 0 120
1 0 121
1 0 122
1 0 123
1 0 124
1 0 125
1 0 126
1 0 127
1 0 128
1 0 129
1 0 130
1 0 131
1 0 132
1 0 133
1 0 134
1 0 135
1 0 136
1 0 137
1 0 138
1 0 139
1 0 140
1 0 141
1 0 142
1 0 143
1 0 144
1 0 145
1 0 146
1 0 147
1 0 148
1 0 149
1 0 150
1 0 151
1 0 152
1 0 153
1 0 154
1 0 155
1 0 156
1 0 157
1 0 158
1 0 159
1 0 160
1 0 161
1 0 162
1 0 163
1 0 164
1 0 165
1 0 166
1 0 167
1 0 168
1 0 169
1 0 170
1 0 171
1 0 172
1 0 173
1 0 174
1 0 175
1 0 176
1 0 177
1 0 178
1 0 179
1 0 180
1 0 181
1 0 182
1 0 183
1 0 184
1 0 185
1 0 186
1 0 187
1 0 188
1 0 189
1 0 190
1 0 191
1 0 192
1 0 193
1 0 194
1 0 195
1 0 196
1 0 197
1 0 198
1 0 199
1 0 200
1 0 201
1 0 202
1 0 203
1 0 204
1 0 205
1 0 206
1 0 207
1 0 208
1 0 209
1 0 210
1 0 211
1 0 212
1 0 213
1 0 214
1 0 215
1 0 216
1 0 217
1 0 218
1 0 219
1 0 220
1 0 221
1 0 222
1 0 223
1 0 224
1 0 225
1 0 226
1 0 227
1 0 228
1 0 229
1 0 230
1 0 231
1 0 232
1 0 233
1 0 234
1 0 235
1 0 236
1 0 237
1 0 238
1 0 239
1 0 240
1 0 241
1 0 242
1 0 243
1 0 244
1 0 245
1 0 246
1 0 247
1 0 248
1 0 249
1 0 250
1 0 251
1 0 252
1 0 253
1 0 254
1 0 255
1 0 256
1 0 257
1 0 258
1 0 259
1 0 260
1 0 261
1 0 262
1 0 263
1 0 264
1 0 265
1 0 266
1 0 267
1 0 268
1 0 269
1 0 270
1 0 271
1 0 272
1 0 273
1 0 274
1 0 275
1 0 276
1 0 277
1 0 278
1 0 279
1 0 280
1 0 281
1 0 282
1 0 283
1 0 284
1 0 285
1 0 286
1 0 287
1 0 288
1 0 289
1 0 290
1 0 291
1 0 292
1 0 293
1 0 294
1 0 295
1 0 296
1 0 297
1 0 298
1 0 299
1 0 300
1 0 301
1 0 302
1 0 303
1 0 304
1 0 305
1 0 306
1 0 307
1 0 308
1 0 309
1 0 310
1 0 311
1 0 312
1 0 313
1 0 314
1 0 315
1 0 316
1 0 317
1 0 318
1 0 319
1 0 320
1 0 321
1 0 322
1 0 323
1 0 324
1 0 325
1 0 326
1 0 327
1 0 328
1 0 329
1 0 330
1 0 331
1 0 332
1 0 333
1 0 334
1 0 335
1 0 336
1 0 337
1 0 338
1 0 339
1 0 340
1 0 341
1 0 342
1 0 343
1 0 344
1 0 345
1 0 346
1 0 347
1 0 348
1 0 349
1 0 350
1 0 351
1 0 352
1 0 353
1 0 354
1 0 355
1 0 356
1 0 357
1 0 358
1 0 359
1 0 360
1 0 361
1 0 362
1 0 363
1 0 364
1 0 365
1 0 366
1 0 367
1 0 368
1 0 369
1 0 370
1 0 371
1 0 372
1 0 373
1 0 374
1 0 375
1 0 376
1 0 377
1 0 378
1 0 379
1 0 380
1 0 381
1 0 382
1 0 383
1 0 384
1 0 385
1 0 386
1 0 387
1 0 388
1 0 389
1 0 390
1 0 391
1 0 392
1 0 393
1 0 394
1 0 395
1 0 396
1 0 397
1 0 398
1 0 399
1 1 0
1 1 98
1 1 99
1 1 100
1 1 101
1 1 102
1 1 399
1 2 0
1 2 98
1 2 99
1 2 100
1 2 101
1 2 102
1 2 399
1 3 0
1 3 98
1 3 99
1 3 100
1 3 101
1 3 102
1 3 399
1 4 0
1 4 97
1 4 98
1 4 99
1 4 100
1 4 101
1 4 102
1 4 103
1 4 399
1 5 0
1 5 97
1 5 98
1 5 99
1 5 100
1 5 101
1 5 102
1 5 103
1 5 399
1 6 0
1 6 97
1 6 98
1 6 99
1 6 100
1 6 101
1 6 102
1 6 103
1 6 399
1 7 0
1 7 97
1 7 98
1 7 99
1 7 100
1 7 101
1 7 102
1 7 103
1 7 399
1 8 0
1 8 97
1 8 98
1 8 99
1 8 100
1 8 101
1 8 102
1 8 103
1 8 104
1 8 399
1 9 0
1 9 95
1 9 96
1 9 97
1 9 98
1 9 99
1 9 100
1 9 101
1 9 102
1 9 103
1 9 104
1 9 105
1 9 399
1 10 0
1 10 93
1 10 94
1 10 95
1 10 96
1 10 97
1 10 98
1 10 99
1 10 100
1 10 101
1 10 102
1 10 103
1 10 104
1 10 105
1 10 106
1 10 107
1 10 399
1 11 0
1 11 92
1 11 93
1 11 94
1 11 95
1 11 96
1 11 97
1 11 98
1 11 99
1 11 100
1 11 101
1 11 102
1 11 103
1 11 104
1 11 105
1 11 106
1 11 107
1 11 108
1 11 399
1 12 0
1 12 91
1 12 92
1 12 93
1 12 94
1 12 95
1 12 96
1 12 97
1 12 98
1 12 99
1 12 100
1 12 101
1 12 102
1 12 103
1 12 104
1 12 105
1 12 106
1 12 107
1 12 108
1 12 109
1 12 399
1 13 0
1 13 91
1 13 92
1 13 93
1 13 94
1 13 95
1 13 96
1 13 97
1 13 98
1 13 99
1 13 100
1 13 101
1 13 102
1 13 103
1 13 104
1 13 105
1 13 106
1 13 107
1 13 108
1 13 109
1 13 399
1 14 0
1 14 92
1 14 93
1 14 94
1 14 95
1 14 96
1 14 97
1 14 98
1 14 99
1 14 100
1 14 101
1 14 102
1 14 103
1 14 104
1 14 105
1 14 106
1 14 107
1 14 108
1 14 399
1 15 0
1 15 95
1 15 96
1 15 97
1 15 98
1 15 99
1 15 100
1 15 101
1 15 102
1 15 103
1 15 104
1 15 105
1 15 399
1 16 0
1 16 96
1 16 97
1 16 98
1 16 99
1 16 100
1 16 101
1 16 102
1 16 103
1 16 104
1 16 399
1 17 0
1 17 97
1 17 98
1 17 99
1 17 100
1 17 101
1 17 102
1 17 103
1 17 399
1 18 0
1 18 97
1 18 98
1 18 99
1 18 100
1 18 101
1 18 102
1 18 103
1 18 399
1 19 0
1 19 97
1 19 98
1 19 99
1 19 100
1 19 101
1 19 102
1 19 103
1 19 245
1 19 246
1 19 399
1 20 0
1 20 97
1 20 98
1 20 99
1 20 100
1 20 101
1 20 102
1 20 103
1 20 244
1 20 245
1 20 246
1 20 247
1 20 399
1 21 0
1 21 48
1 21 49
1 21 50
1 21 51
1 21 52
1 21 53
1 21 54
1 21 55
1 21 56
1 21 57
1 21 58
1 21 59
1 21 60
1 21 61
1 21 97
1 21 98
1 21 99
1 21 100
1 21 101
1 21 102
1 21 103
1 21 243
1 21 244
1 21 245
1 21 246
1 21 247
1 21 248
1 21 399
1 22 0
1 22 47
1 22 48
1 22 49
1 22 50
1 22 51
1 22 52
1 22 53
1 22 54
1 22 55
1 22 56
1 22 57
1 22 58
1 22 59
1 22 60
1 22 61
1 22 62
1 22 98
1 22 99
1 22 100
1 22 101
1 22 102
1 22 242
1 22 243
1 22 244
1 22 245
1 22 246
1 22 247
1 22 248
1 22 249
1 22 399
1 23 0
1 23 47
1 23 48
1 23 49
1 23 50
1 23 51
1 23 52
1 23 53
1 23 54
1 23 55
1 23 56
1 23 57
1 23 58
1 23 59
1 23 60
1 23 61
1 23 62
1 23 98
1 23 99
1 23 100
1 23 101
1 23 102
1 23 241
1 23 242
1 23 243
1 23 244
1 23 245
1 23 246
1 23 247
1 23 248
1 23 249
1 23 250
1 23 399
1 24 0
1 24 47
1 24 48
1 24 49
1 24 50
1 24 51
1 24 52
1 24 53
1 24 54
1 24 55
1 24 56
1 24 57
1 24 58
1 24 59
1 24 60
1 24 61
1 24 62
1 24 98
1 24 99
1 24 100
1 24 101
1 24 102
1 24 233
1 24 234
1 24 235
1 24 236
1 24 237
1 24 238
1 24 239
1 24 240
1 24 241
1 24 242
1 24 243
1 24 244
1 24 245
1 24 246
1 24 247
1 24 248
1 24 249
1 24 250
1 24 251
1 24 252
1 24 253
1 24 254
1 24 255
1 24 256
1 24 257
1 24 399
1 25 0
1 25 47
1 25 48
1 25 49
1 25 50
1 25 51
1 25 52
1 25 53
1 25 54
1 25 55
1 25 56
1 25 57
1 25 58
1 25 59
1 25 60
1 25 61
1 25 62
1 25 99
1 25 100
1 25 101
1 25 233
1 25 234
1 25 235
1 25 236
1 25 237
1 25 238
1 25 239
1 25 240
1 25 241
1 25 242
1 25 243
1 25 244
1 25 245
1 25 246
1 25 247
1 25 248
1 25 249
1 25 250
1 25 251
1 25 252
1 25 253
1 25 254
1 25 255
1 25 256
1 25 257
1 25 399
1 26 0
1 26 47
1 26 48
1 26 49
1 26 50
1 26 51
1 26 52
1 26 53
1 26 54
1 26 55
1 26 56
1 26 57
1 26 58
1 26 59
1 26 60
1 26 61
1 26 62
1 26 233
1 26 234
1 26 235
1 26 236
1 26 237
1 26 238
1 26 239
1 26 240
1 26 241
1 26 242
1 26 243
1 26 244
1 26 245
1 26 246
1 26 247
1 26 248
1 26 249
1 26 250
1 26 251
1 26 252
1 26 253
1 26 254
1 26 255
1 26 256
1 26 257
1 26 399
1 27 0
1 27 47
1 27 48
1 27 49
1 27 50
1 27 51
1 27 52
1 27 53
1 27 54
1 27 55
1 27 56
1 27 57
1 27 58
1 27 59
1 27 60
1 27 61
1 27 62
1 27 234
1 27 235
1 27 236
1 27 237
1 27 238
1 27 239
1 27 240
1 27 241
1 27 242
1 27 243
1 27 244
1 27 245
1 27 246
1 27 247
1 27 248
1 27 249
1 27 250
1 27 251
1 27 252
1 27 253
1 27 254
1 27 255
1 27 256
1 27 399
1 28 0
1 28 47
1 28 48
1 28 49
1 28 50
1 28 51
1 28 52
1 28 53
1 28 54
1 28 55
1 28 56
1 28 57
1 28 58
1 28 59
1 28 60
1 28 61
1 28 62
1 28 234
1 28 235
1 28 236
1 28 237
1 28 238
1 28 239
1 28 240
1 28 241
1 28 242
1 28 243
1 28 244
1 28 245
1 28 246
1 28 247
1 28 248
1 28 249
1 28 250
1 28 251
1 28 252
1 28 253
1 28 254
1 28 255
1 28 256
1 28 399
1 29 0
1 29 47
1 29 48
1 29 49
1 29 50
1 29 51
1 29 52
1 29 53
1 29 54
1 29 55
1 29 56
1 29 57
1 29 58
1 29 59
1 29 60
1 29 61
1 29 62
1 29 235
1 29 236
1 29 237
1 29 238
1 29 239
1 29 240
1 29 241
1 29 242
1 29 243
1 29 244
1 29 245
1 29 246
1 29 247
1 29 248
1 29 249
1 29 250
1 29 251
1 29 252
1 29 253
1 29 254
1 29 255
1 29 399
1 30 0
1 30 47
1 30 48
1 30 49
1 30 50
1 30 51
1 30 52
1 30 53
1 30 54
1 30 55
1 30 56
1 30 57
1 30 58
1 30 59
1 30 60
1 30 61
1 30 62
1 30 236
1 30 237
1 30 238
1 30 239
1 30 240
1 30 241
1 30 242
1 30 243
1 30 244
1 30 245
1 30 246
1 30 247
1 30 248
1 30 249
1 30 250
1 30 251
1 30 252
1 30 253
1 30 254
1 30 399
1 31 0
1 31 47
1 31 48
1 31 49
1 31 50
1 31 51
1 31 52
1 31 53
1 31 54
1 31 55
1 31 56
1 31 57
1 31 58
1 31 59
1 31 60
1 31 61
1 31 62
1 31 235
1 31 236
1 31 237
1 31 238
1 31 239
1 31 240
1 31 241
1 31 242
1 31 243
1 31 244
1 31 245
1 31 246
1 31 247
1 31 248
1 31 249
1 31 250
1 31 251
1 31 252
1 31 253
1 31 254
1 31 255
1 31 399
1 32 0
1 32 47
1 32 48
1 32 49
1 32 50
1 32 51
1 32 52
1 32 53
1 32 54
1 32 55
1 32 56
1 32 57
1 32 58
1 32 59
1 32 60
1 32 61
1 32 62
1 32 235
1 32 236
1 32 237
1 32 238
1 32 239
1 32 240
1 32 241
1 32 242
1 32 243
1 32 244
1 32 245
1 32 246
1 32 247
1 32 248
1 32 249
1 32 250
1 32 251
1 32 252
1 32 253
1 32 254
1 32 255
1 32 256
1 32 338
1 32 339
1 32 340
1 32 399
1 33 0
1 33 47
1 33 48
1 33 49
1 33 50
1 33 51
1 33 52
1 33 53
1 33 54
1 33 55
1 33 56
1 33 57
1 33 58
1 33 59
1 33 60
1 33 61
1 33 62
1 33 233
1 33 234
1 33 235
1 33 236
1 33 237
1 33 238
1 33 239
1 33 240
1 33 241
1 33 242
1 33 243
1 33 244
1 33 245
1 33 246
1 33 247
1 33 248
1 33 249
1 33 250
1 33 251
1 33 252
1 33 253
1 33 254
1 33 255
1 33 256
1 33 257
1 33 337
1 33 338
1 33 339
1 33 340
1 33 341
1 33 342
1 33 399
1 34 0
1 34 47
1 34 48
1 34 49
1 34 50
1 34 51
1 34 52
1 34 53
1 34 54
1 34 55
1 34 56
1 34 57
1 34 58
1 34 59
1 34 60
1 34 61
1 34 62
1 34 233
1 34 234
1 34 235
1 34 236
1 34 237
1 34 238
1 34 239
1 34 240
1 34 241
1 34 242
1 34 243
1 34 244
1 34 245
1 34 246
1 34 247
1 34 248
1 34 249
1 34 250
1 34 251
1 34 252
1 34 253
1 34 254
1 34 255
1 34 256
1 34 257
1 34 337
1 34 338
1 34 339
1 34 340
1 34 341
1 34 342
1 34 343
1 34 399
1 35 0
1 35 47
1 35 48
1 35 49
1 35 50
1 35 51
1 35 52
1 35 53
1 35 54
1 35 55
1 35 56
1 35 57
1 35 58
1 35 59
1 35 60
1 35 61
1 35 62
1 35 233
1 35 234
1 35 235
1 35 236
1 35 237
1 35 238
1 35 239
1 35 240
1 35 241
1 35 242
1 35 243
1 35 244
1 35 245
1 35 246
1 35 247
1 35 248
1 35 249
1 35 250
1 35 251
1 35 252
1 35 253
1 35 254
1 35 255
1 35 256
1 35 257
1 35 337
1 35 338
1 35 339
1 35 340
1 35 341
1 35 342
1 35 343
1 35 344
1 35 399
1 36 0
1 36 47
1 36 48
1 36 49
1 36 50
1 36 51
1 36 52
1 36 53
1 36 54
1 36 55
1 36 56
1 36 57
1 36 58
1 36 59
1 36 60
1 36 61
1 36 62
1 36 234
1 36 235
1 36 236
1 36 237
1 36 238
1 36 239
1 36 240
1 36 241
1 36 242
1 36 243
1 36 244
1 36 245
1 36 246
1 36 247
1 36 248
1 36 249
1 36 250
1 36 251
1 36 252
1 36 253
1 36 254
1 36 255
1 36 256
1 36 337
1 36 338
1 36 339
1 36 340
1 36 341
1 36 342
1 36 343
1 36 344
1 36 345
1 36 399
1 37 0
1 37 47
1 37 48
1 37 49
1 37 50
1 37 51
1 37 52
1 37 53
1 37 54
1 37 55
1 37 56
1 37 57
1 37 58
1 37 59
1 37 60
1 37 61
1 37 62
1 37 241
1 37 242
1 37 243
1 37 244
1 37 245
1 37 246
1 37 247
1 37 248
1 37 249
1 37 250
1 37 337
1 37 338
1 37 339
1 37 340
1 37 341
1 37 342
1 37 343
1 37 344
1 37 345
1 37 346
1 37 399
1 38 0
1 38 47
1 38 48
1 38 49
1 38 50
1 38 51
1 38 52
1 38 53
1 38 54
1 38 55
1 38 56
1 38 57
1 38 58
1 38 59
1 38 60
1 38 61
1 38 62
1 38 242
1 38 243
1 38 244
1 38 245
1 38 246
1 38 247
1 38 248
1 38 249
1 38 337
1 38 338
1 38 339
1 38 340
1 38 341
1 38 342
1 38 343
1 38 344
1 38 345
1 38 346
1 38 347
1 38 399
1 39 0
1 39 47
1 39 48
1 39 49
1 39 50
1 39 51
1 39 52
1 39 53
1 39 54
1 39 55
1 39 56
1 39 57
1 39 58
1 39 59
1 39 60
1 39 61
1 39 62
1 39 136
1 39 137
1 39 138
1 39 139
1 39 140
1 39 141
1 39 142
1 39 143
1 39 144
1 39 145
1 39 146
1 39 243
1 39 244
1 39 245
1 39 246
1 39 247
1 39 248
1 39 337
1 39 338
1 39 339
1 39 340
1 39 341
1 39 342
1 39 343
1 39 344
1 39 345
1 39 346
1 39 347
1 39 348
1 39 399
1 40 0
1 40 47
1 40 48
1 40 49
1 40 50
1 40 51
1 40 52
1 40 53
1 40 54
1 40 55
1 40 56
1 40 57
1 40 58
1 40 59
1 40 60
1 40 61
1 40 62
1 40 133
1 40 134
1 40 135
1 40 136
1 40 137
1 40 138
1 40 139
1 40 140
1 40 141
1 40 142
1 40 143
1 40 144
1 40 145
1 40 146
1 40 147
1 40 148
1 40 149
1 40 244
1 40 245
1 40 246
1 40 247
1 40 337
1 40 338
1 40 339
1 40 340
1 40 341
1 40 342
1 40 343
1 40 344
1 40 345
1 40 346
1 40 347
1 40 348
1 40 349
1 40 399
1 41 0
1 41 47
1 41 48
1 41 49
1 41 50
1 41 51
1 41 52
1 41 53
1 41 54
1 41 55
1 41 56
1 41 57
1 41 58
1 41 59
1 41 60
1 41 61
1 41 62
1 41 130
1 41 131
1 41 132
1 41 133
1 41 134
1 41 135
1 41 136
1 41 137
1 41 138
1 41 139
1 41 140
1 41 141
1 41 142
1 41 143
1 41 144
1 41 145
1 41 146
1 41 147
1 41 148
1 41 149
1 41 150
1 41 151
1 41 245
1 41 246
1 41 337
1 41 338
1 41 339
1 41 340
1 41 341
1 41 342
1 41 343
1 41 344
1 41 345
1 41 346
1 41 347
1 41 348
1 41 349
1 41 350
1 41 399
1 42 0
1 42 47
1 42 48
1 42 49
1 42 50
1 42 51
1 42 52
1 42 53
1 42 54
1 42 55
1 42 56
1 42 57
1 42 58
1 42 59
1 42 60
1 42 61
1 42 62
1 42 128
1 42 129
1 42 130
1 42 131
1 42 132
1 42 133
1 42 134
1 42 135
1 42 136
1 42 137
1 42 138
1 42 139
1 42 140
1 42 141
1 42 142
1 42 143
1 42 144
1 42 145
1 42 146
1 42 147
1 42 148
1 42 149
1 42 150
1 42 151
1 42 152
1 42 153
1 42 337
1 42 338
1 42 339
1 42 340
1 42 341
1 42 342
1 42 343
1 42 344
1 42 345
1 42 346
1 42 347
1 42 348
1 42 349
1 42 350
1 42 399
1 43 0
1 43 47
1 43 48
1 43 49
1 43 50
1 43 51
1 43 52
1 43 53
1 43 54
1 43 55
1 43 56
1 43 57
1 43 58
1 43 59
1 43 60
1 43 61
1 43 62
1 43 125
1 43 126
1 43 127
1 43 128
1 43 129
1 43 130
1 43 131
1 43 132
1 43 133
1 43 134
1 43 135
1 43 136
1 43 137
1 43 138
1 43 139
1 43 140
1 43 141
1 43 142
1 43 143
1 43 144
1 43 145
1 43 146
1 43 147
1 43 148
1 43 149
1 43 150
1 43 151
1 43 152
1 43 153
1 43 154
1 43 155
1 43 156
1 43 337
1 43 338
1 43 339
1 43 340
1 43 341
1 43 342
1 43 343
1 43 344
1 43 345
1 43 346
1 43 347
1 43 348
1 43 349
1 43 350
1 43 351
1 43 352
1 43 399
1 44 0
1 44 47
1 44 48
1 44 49
1 44 50
1 44 51
1 44 52
1 44 53
1 44 54
1 44 55
1 44 56
1 44 57
1 44 58
1 44 59
1 44 60
1 44 61
1 44 62
1 44 124
1 44 125
1 44 126
1 44 127
1 44 128
1 44 129
1 44 130
1 44 131
1 44 132
1 44 133
1 44 134
1 44 135
1 44 136
1 44 137
1 44 138
1 44 139
1 44 140
1 44 141
1 44 142
1 44 143
1 44 144
1 44 145
1 44 146
1 44 147
1 44 148
1 44 149
1 44 150
1 44 151
1 44 152
1 44 153
1 44 154
1 44 155
1 44 156
1 44 157
1 44 337
1 44 338
1 44 339
1 44 340
1 44 341
1 44 342
1 44 343
1 44 344
1 44 345
1 44 346
1 44 347
1 44 348
1 44 349
1 44 350
1 44 351
1 44 352
1 44 353
1 44 399
1 45 0
1 45 42
1 45 43
1 45 44
1 45 45
1 45 46
1 45 47
1 45 48
1 45 49
1 45 50
1 45 51
1 45 52
1 45 53
1 45 54
1 45 55
1 45 56
1 45 57
1 45 58
1 45 59
1 45 60
1 45 61
1 45 62
1 45 63
1 45 64
1 45 65
1 45 66
1 45 67
1 45 123
1 45 124
1 45 125
1 45 126
1 45 127
1 45 128
1 45 129
1 45 130
1 45 131
1 45 132
1 45 133
1 45 134
1 45 135
1 45 136
1 45 137
1 45 138
1 45 139
1 45 140
1 45 141
1 45 142
1 45 143
1 45 144
1 45 145
1 45 146
1 45 147
1 45 148
1 45 149
1 45 150
1 45 151
1 45 152
1 45 153
1 45 154
1 45 155
1 45 156
1 45 157
1 45 158
1 45 337
1 45 338
1 45 339
1 45 340
1 45 341
1 45 342
1 45 343
1 45 344
1 45 345
1 45 346
1 45 347
1 45 348
1 45 349
1 45 350
1 45 351
1 45 352
1 45 353
1 45 354
1 45 399
1 46 0
1 46 41
1 46 42
1 46 43
1 46 44
1 46 45
1 46 46
1 46 47
1 46 48
1 46 49
1 46 50
1 46 51
1 46 52
1 46 53
1 46 54
1 46 55
1 46 56
1 46 57
1 46 58
1 46 59
1 46 60
1 46 61
1 46 62
1 46 63
1 46 64
1 46 65
1 46 66
1 46 67
1 46 68
1 46 123
1 46 124
1 46 125
1 46 126
1 46 127
1 46 128
1 46 129
1 46 130
1 46 131
1 46 132
1 46 133
1 46 134
1 46 135
1 46 136
1 46 137
1 46 138
1 46 139
1 46 140
1 46 141
1 46 142
1 46 143
1 46 144
1 46 145
1 46 146
1 46 147
1 46 148
1 46 149
1 46 150
1 46 151
1 46 152
1 46 153
1 46 154
1 46 155
1 46 156
1 46 157
1 46 158
1 46 337
1 46 338
1 46 339
1 46 340
1 46 341
1 46 342
1 46 343
1 46 344
1 46 345
1 46 346
1 46 347
1 46 348
1 46 349
1 46 350
1 46 351
1 46 352
1 46 353
1 46 354
1 46 355
1 46 356
1 46 399
1 47 0
1 47 41
1 47 42
1 47 43
1 47 44
1 47 45
1 47 46
1 47 47
1 47 48
1 47 49
1 47 50
1 47 51
1 47 52
1 47 53
1 47 54
1 47 55
1 47 56
1 47 57
1 47 58
1 47 59
1 47 60
1 47 61
1 47 62
1 47 63
1 47 64
1 47 65
1 47 66
1 47 67
1 47 68
1 47 122
1 47 123
1 47 124
1 47 125
1 47 126
1 47 127
1 47 128
1 47 129
1 47 130
1 47 131
1 47 132
1 47 133
1 47 134
1 47 135
1 47 136
1 47 137
1 47 138
1 47 139
1 47 140
1 47 141
1 47 142
1 47 143
1 47 144
1 47 145
1 47 146
1 47 147
1 47 148
1 47 149
1 47 150
1 47 151
1 47 152
1 47 153
1 47 154
1 47 155
1 47 156
1 47 157
1 47 158
1 47 159
1 47 337
1 47 338
1 47 339
1 47 340
1 47 341
1 47 342
1 47 343
1 47 344
1 47 345
1 47 346
1 47 347
1 47 348
1 47 349
1 47 350
1 47 351
1 47 352
1 47 353
1 47 354
1 47 355
1 47 356
1 47 357
1 47 399
1 48 0
1 48 41
1 48 42
1 48 43
1 48 44
1 48 45
1 48 46
1 48 47
1 48 48
1 48 49
1 48 50
1 48 51
1 48 52
1 48 53
1 48 54
1 48 55
1 48 56
1 48 57
1 48 58
1 48 59
1 48 60
1 48 61
1 48 62
1 48 63
1 48 64
1 48 65
1 48 66
1 48 67
1 48 68
1 48 121
1 48 122
1 48 123
1 48 124
1 48 125
1 48 126
1 48 127
1 48 128
1 48 129
1 48 130
1 48 131
1 48 132
1 48 133
1 48 134
1 48 135
1 48 136
1 48 137
1 48 138
1 48 139
1 48 140
1 48 141
1 48 142
1 48 143
1 48 144
1 48 145
1 48 146
1 48 147
1 48 148
1 48 149
1 48 150
1 48 151
1 48 152
1 48 153
1 48 154
1 48 155
1 48 156
1 48 157
1 48 158
1 48 159
1 48 160
1 48 337
1 48 338
1 48 339
1 48 340
1 48 341
1 48 342
1 48 343
1 48 344
1 48 345
1 48 346
1 48 347
1 48 348
1 48 349
1 48 350
1 48 351
1 48 352
1 48 353
1 48 354
1 48 355
1 48 356
1 48 357
1 48 358
1 48 399
1 49 0
1 49 42
1 49 43
1 49 44
1 49 45
1 49 46
1 49 47
1 49 48
1 49 49
1 49 50
1 49 51
1 49 52
1 49 53
1 49 54
1 49 55
1 49 56
1 49 57
1 49 58
1 49 59
1 49 60
1 49 61
1 49 62
1 49 63
1 49 64
1 49 65
1 49 66
1 49 67
1 49 121
1 49 122
1 49 123
1 49 124
1 49 125
1 49 126
1 49 127
1 49 128
1 49 129
1 49 130
1 49 131
1 49 132
1 49 133
1 49 134
1 49 135
1 49 136
1 49 137
1 49 138
1 49 139
1 49 140
1 49 141
1 49 142
1 49 143
1 49 144
1 49 145
1 49 146
1 49 147
1 49 148
1 49 149
1 49 150
1 49 151
1 49 152
1 49 153
1 49 154
1 49 155
1 49 156
1 49 157
1 49 158
1 49 159
1 49 160
1 49 337
1 49 338
1 49 339
1 49 340
1 49 341
1 49 342
1 49 343
1 49 344
1 49 345
1 49 346
1 49 347
1 49 348
1 49 349
1 49 350
1 49 351
1 49 352
1 49 353
1 49 354
1 49 355
1 49 356
1 49 357
1 49 358
1 49 359
1 49 399
1 50 0
1 50 42
1 50 43
1 50 44
1 50 45
1 50 46
1 50 47
1 50 48
1 50 49
1 50 50
1 50 51
1 50 52
1 50 53
1 50 54
1 50 55
1 50 56
1 50 57
1 50 58
1 50 59
1 50 60
1 50 61
1 50 62
1 50 63
1 50 64
1 50 65
1 50 66
1 50 67
1 50 121
1 50 122
1 50 123
1 50 124
1 50 125
1 50 126
1 50 127
1 50 128
1 50 129
1 50 130
1 50 131
1 50 132
1 50 133
1 50 134
1 50 135
1 50 136
1 50 137
1 50 138
1 50 139
1 50 140
1 50 141
1 50 142
1 50 143
1 50 144
1 50 145
1 50 146
1 50 147
1 50 148
1 50 149
1 50 150
1 50 151
1 50 152
1 50 153
1 50 154
1 50 155
1 50 156
1 50 157
1 50 158
1 50 159
1 50 160
1 50 337
1 50 338
1 50 339
1 50 340
1 50 341
1 50 342
1 50 343
1 50 344
1 50 345
1 50 346
1 50 347
1 50 348
1 50 349
1 50 350
1 50 351
1 50 352
1 50 353
1 50 354
1 50 355
1 50 356
1 50 357
1 50 358
1 50 359
1 50 360
1 50 399
1 51 0
1 51 43
1 51 44
1 51 45
1 51 46
1 51 47
1 51 48
1 51 49
1 51 50
1 51 51
1 51 52
1 51 53
1 51 54
1 51 55
1 51 56
1 51 57
1 51 58
1 51 59
1 51 60
1 51 61
1 51 62
1 51 63
1 51 64
1 51 65
1 51 66
1 51 67
1 51 120
1 51 121
1 51 122
1 51 123
1 51 124
1 51 125
1 51 126
1 51 127
1 51 128
1 51 129
1 51 130
1 51 131
1 51 132
1 51 133
1 51 134
1 51 135
1 51 136
1 51 137
1 51 138
1 51 139
1 51 140
1 51 141
1 51 142
1 51 143
1 51 144
1 51 145
1 51 146
1 51 147
1 51 148
1 51 149
1 51 150
1 51 151
1 51 152
1 51 153
1 51 154
1 51 155
1 51 156
1 51 157
1 51 158
1 51 159
1 51 160
1 51 161
1 51 337
1 51 338
1 51 339
1 51 340
1 51 341
1 51 342
1 51 343
1 51 344
1 51 345
1 51 346
1 51 347
1 51 348
1 51 349
1 51 350
1 51 351
1 51 352
1 51 353
1 51 354
1 51 355
1 51 356
1 51 357
1 51 358
1 51 359
1 51 360
1 51 361
1 51 399
1 52 0
1 52 43
1 52 44
1 52 45
1 52 46
1 52 47
1 52 48
1 52 49
1 52 50
1 52 51
1 52 52
1 52 53
1 52 54
1 52 55
1 52 56
1 52 57
1 52 58
1 52 59
1 52 60
1 52 61
1 52 62
1 52 63
1 52 64
1 52 65
1 52 66
1 52 120
1 52 121
1 52 122
1 52 123
1 52 124
1 52 125
1 52 126
1 52 127
1 52 128
1 52 129
1 52 130
1 52 131
1 52 132
1 52 133
1 52 134
1 52 135
1 52 136
1 52 137
1 52 138
1 52 139
1 52 140
1 52 141
1 52 142
1 52 143
1 52 144
1 52 145
1 52 146
1 52 147
1 52 148
1 52 149
1 52 150
1 52 151
1 52 152
1 52 153
1 52 154
1 52 155
1 52 156
1 52 157
1 52 158
1 52 159
1 52 160
1 52 161
1 52 337
1 52 338
1 52 339
1 52 340
1 52 341
1 52 342
1 52 343
1 52 344
1 52 345
1 52 346
1 52 347
1 52 348
1 52 349
1 52 350
1 52 351
1 52 352
1 52 353
1 52 354
1 52 355
1 52 356
1 52 357
1 52 358
1 52 359
1 52 360
1 52 361
1 52 362
1 52 363
1 52 399
1 53 0
1 53 44
1 53 45
1 53 46
1 53 47
1 53 48
1 53 49
1 53 50
1 53 51
1 53 52
1 53 53
1 53 54
1 53 55
1 53 56
1 53 57
1 53 58
1 53 59
1 53 60
1 53 61
1 53 62
1 53 63
1 53 64
1 53 65
1 53 120
1 53 121
1 53 122
1 53 123
1 53 124
1 53 125
1 53 126
1 53 127
1 53 128
1 53 129
1 53 130
1 53 131
1 53 132
1 53 133
1 53 134
1 53 135
1 53 136
1 53 137
1 53 138
1 53 139
1 53 140
1 53 141
1 53 142
1 53 143
1 53 144
1 53 145
1 53 146
1 53 147
1 53 148
1 53 149
1 53 150
1 53 151
1 53 152
1 53 153
1 53 154
1 53 155
1 53 156
1 53 157
1 53 158
1 53 159
1 53 160
1 53 161
1 53 337
1 53 338
1 53 339
1 53 340
1 53 341
1 53 342
1 53 343
1 53 344
1 53 345
1 53 346
1 53 347
1 53 348
1 53 349
1 53 350
1 53 351
1 53 352
1 53 353
1 53 354
1 53 355
1 53 356
1 53 357
1 53 358
1 53 359
1 53 360
1 53 361
1 53 362
1 53 363
1 53 364
1 53 399
1 54 0
1 54 44
1 54 45
1 54 46
1 54 47
1 54 48
1 54 49
1 54 50
1 54 51
1 54 52
1 54 53
1 54 54
1 54 55
1 54 56
1 54 57
1 54 58
1 54 59
1 54 60
1 54 61
1 54 62
1 54 63
1 54 64
1 54 65
1 54 120
1 54 121
1 54 122
1 54 123
1 54 124
1 54 125
1 54 126
1 54 127
1 54 128
1 54 129
1 54 130
1 54 131
1 54 132
1 54 133
1 54 134
1 54 135
1 54 136
1 54 137
1 54 138
1 54 139
1 54 140
1 54 141
1 54 142
1 54 143
1 54 144
1 54 145
1 54 146
1 54 147
1 54 148
1 54 149
1 54 150
1 54 151
1 54 152
1 54 153
1 54 154
1 54 155
1 54 156
1 54 157
1 54 158
1 54 159
1 54 160
1 54 161
1 54 337
1 54 338
1 54 339
1 54 340
1 54 341
1 54 342
1 54 343
1 54 344
1 54 345
1 54 346
1 54 347
1 54 348
1 54 349
1 54 350
1 54 351
1 54 352
1 54 353
1 54 354
1 54 355
1 54 356
1 54 357
1 54 358
1 54 359
1 54 360
1 54 361
1 54 362
1 54 363
1 54 364
1 54 365
1 54 399
1 55 0
1 55 45
1 55 46
1 55 47
1 55 48
1 55 49
1 55 50
1 55 51
1 55 52
1 55 53
1 55 54
1 55 55
1 55 56
1 55 57
1 55 58
1 55 59
1 55 60
1 55 61
1 55 62
1 55 63
1 55 64
1 55 120
1 55 121
1 55 122
1 55 123
1 55 124
1 55 125
1 55 126
1 55 127
1 55 128
1 55 129
1 55 130
1 55 131
1 55 132
1 55 133
1 55 134
1 55 135
1 55 136
1 55 137
1 55 138
1 55 139
1 55 140
1 55 141
1 55 142
1 55 143
1 55 144
1 55 145
1 55 146
1 55 147
1 55 148
1 55 149
1 55 150
1 55 151
1 55 152
1 55 153
1 55 154
1 55 155
1 55 156
1 55 157
1 55 158
1 55 159
1 55 160
1 55 161
1 55 337
1 55 338
1 55 339
1 55 340
1 55 341
1 55 342
1 55 343
1 55 344
1 55 345
1 55 346
1 55 347
1 55 348
1 55 349
1 55 350
1 55 351
1 55 352
1 55 353
1 55 354
1 55 355
1 55 356
1 55 357
1 55 358
1 55 359
1 55 360
1 55 361
1 55 362
1 55 363
1 55 364
1 55 365
1 55 366
1 55 399
1 56 0
1 56 45
1 56 46
1 56 47
1 56 48
1 56 49
1 56 50
1 56 51
1 56 52
1 56 53
1 56 54
1 56 55
1 56 56
1 56 57
1 56 58
1 56 59
1 56 60
1 56 61
1 56 62
1 56 63
1 56 64
1 56 121
1 56 122
1 56 123
1 56 124
1 56 125
1 56 126
1 56 127
1 56 128
1 56 129
1 56 130
1 56 131
1 56 132
1 56 133
1 56 134
1 56 135
1 56 136
1 56 137
1 56 138
1 56 139
1 56 140
1 56 141
1 56 142
1 56 143
1 56 144
1 56 145
1 56 146
1 56 147
1 56 148
1 56 149
1 56 150
1 56 151
1 56 152
1 56 153
1 56 154
1 56 155
1 56 156
1 56 157
1 56 158
1 56 159
1 56 160
1 56 161
1 56 233
1 56 234
1 56 235
1 56 337
1 56 338
1 56 339
1 56 340
1 56 341
1 56 342
1 56 343
1 56 344
1 56 345
1 56 346
1 56 347
1 56 348
1 56 349
1 56 350
1 56 351
1 56 352
1 56 353
1 56 354
1 56 355
1 56 356
1 56 357
1 56 358
1 56 359
1 56 360
1 56 361
1 56 362
1 56 363
1 56 364
1 56 365
1 56 366
1 56 367
1 56 399
1 57 0
1 57 46
1 57 47
1 57 48
1 57 49
1 57 50
1 57 51
1 57 52
1 57 53
1 57 54
1 57 55
1 57 56
1 57 57
1 57 58
1 57 59
1 57 60
1 57 61
1 57 62
1 57 63
1 57 121
1 57 122
1 57 123
1 57 124
1 57 125
1 57 126
1 57 127
1 57 128
1 57 129
1 57 130
1 57 131
1 57 132
1 57 133
1 57 134
1 57 135
1 57 136
1 57 137
1 57 138
1 57 139
1 57 140
1 57 141
1 57 142
1 57 143
1 57 144
1 57 145
1 57 146
1 57 147
1 57 148
1 57 149
1 57 150
1 57 151
1 57 152
1 57 153
1 57 154
1 57 155
1 57 156
1 57 157
1 57 158
1 57 159
1 57 160
1 57 232
1 57 233
1 57 234
1 57 235
1 57 236
1 57 337
1 57 338
1 57 339
1 57 340
1 57 341
1 57 342
1 57 343
1 57 344
1 57 345
1 57 346
1 57 347
1 57 348
1 57 349
1 57 350
1 57 351
1 57 352
1 57 353
1 57 354
1 57 355
1 57 356
1 57 357
1 57 358
1 57 359
1 57 360
1 57 361
1 57 362
1 57 363
1 57 364
1 57 365
1 57 366
1 57 367
1 57 368
1 57 399
1 58 0
1 58 46
1 58 47
1 58 48
1 58 49
1 58 50
1 58 51
1 58 52
1 58 53
1 58 54
1 58 55
1 58 56
1 58 57
1 58 58
1 58 59
1 58 60
1 58 61
1 58 62
1 58 63
1 58 121
1 58 122
1 58 123
1 58 124
1 58 125
1 58 126
1 58 127
1 58 128
1 58 129
1 58 130
1 58 131
1 58 132
1 58 133
1 58 134
1 58 135
1 58 136
1 58 137
1 58 138
1 58 139
1 58 140
1 58 141
1 58 142
1 58 143
1 58 144
1 58 145
1 58 146
1 58 147
1 58 148
1 58 149
1 58 150
1 58 151
1 58 152
1 58 153
1 58 154
1 58 155
1 58 156
1 58 157
1 58 158
1 58 159
1 58 160
1 58 232
1 58 233
1 58 234
1 58 235
1 58 236
1 58 337
1 58 338
1 58 339
1 58 340
1 58 341
1 58 342
1 58 343
1 58 344
1 58 345
1 58 346
1 58 347
1 58 348
1 58 349
1 58 350
1 58 351
1 58 352
1 58 353
1 58 354
1 58 355
1 58 356
1 58 357
1 58 358
1 58 359
1 58 360
1 58 361
1 58 362
1 58 363
1 58 364
1 58 365
1 58 366
1 58 367
1 58 368
1 58 369
1 58 399
1 59 0
1 59 47
1 59 48
1 59 49
1 59 50
1 59 51
1 59 52
1 59 53
1 59 54
1 59 55
1 59 56
1 59 57
1 59 58
1 59 59
1 59 60
1 59 61
1 59 62
1 59 63
1 59 122
1 59 123
1 59 124
1 59 125
1 59 126
1 59 127
1 59 128
1 59 129
1 59 130
1 59 131
1 59 132
1 59 133
1 59 134
1 59 135
1 59 136
1 59 137
1 59 138
1 59 139
1 59 140
1 59 141
1 59 142
1 59 143
1 59 144
1 59 145
1 59 146
1 59 147
1 59 148
1 59 149
1 59 150
1 59 151
1 59 152
1 59 153
1 59 154
1 59 155
1 59 156
1 59 157
1 59 158
1 59 159
1 59 232
1 59 233
1 59 234
1 59 235
1 59 236
1 59 337
1 59 338
1 59 339
1 59 340
1 59 341
1 59 342
1 59 343
1 59 344
1 59 345
1 59 346
1 59 347
1 59 348
1 59 349
1 59 350
1 59 351
1 59 352
1 59 353
1 59 354
1 59 355
1 59 356
1 59 357
1 59 358
1 59 359
1 59 360
1 59 361
1 59 362
1 59 363
1 59 364
1 59 365
1 59 366
1 59 367
1 59 368
1 59 369
1 59 370
1 59 399
1 60 0
1 60 47
1 60 48
1 60 49
1 60 50
1 60 51
1 60 52
1 60 53
1 60 54
1 60 55
1 60 56
1 60 57
1 60 58
1 60 59
1 60 60
1 60 61
1 60 62
1 60 123
1 60 124
1 60 125
1 60 126
1 60 127
1 60 128
1 60 129
1 60 130
1 60 131
1 60 132
1 60 133
1 60 134
1 60 135
1 60 136
1 60 137
1 60 138
1 60 139
1 60 140
1 60 141
1 60 142
1 60 143
1 60 144
1 60 145
1 60 146
1 60 147
1 60 148
1 60 149
1 60 150
1 60 151
1 60 152
1 60 153
1 60 154
1 60 155
1 60 156
1 60 157
1 60 158
1 60 232
1 60 233
1 60 234
1 60 235
1 60 236
1 60 337
1 60 338
1 60 339
1 60 340
1 60 341
1 60 342
1 60 343
1 60 344
1 60 345
1 60 346
1 60 347
1 60 348
1 60 349
1 60 350
1 60 351
1 60 352
1 60 353
1 60 354
1 60 355
1 60 356
1 60 357
1 60 358
1 60 359
1 60 360
1 60 361
1 60 362
1 60 363
1 60 364
1 60 365
1 60 366
1 60 367
1 60 368
1 60 369
1 60 370
1 60 371
1 60 399
1 61 0
1 61 47
1 61 48
1 61 49
1 61 50
1 61 51
1 61 52
1 61 53
1 61 54
1 61 55
1 61 56
1 61 57
1 61 58
1 61 59
1 61 60
1 61 61
1 61 62
1 61 123
1 61 124
1 61 125
1 61 126
1 61 127
1 61 128
1 61 129
1 61 130
1 61 131
1 61 132
1 61 133
1 61 134
1 61 135
1 61 136
1 61 137
1 61 138
1 61 139
1 61 140
1 61 141
1 61 142
1 61 143
1 61 144
1 61 145
1 61 146
1 61 147
1 61 148
1 61 149
1 61 150
1 61 151
1 61 152
1 61 153
1 61 154
1 61 155
1 61 156
1 61 157
1 61 158
1 61 232
1 61 233
1 61 234
1 61 235
1 61 236
1 61 337
1 61 338
1 61 339
1 61 340
1 61 341
1 61 342
1 61 343
1 61 344
1 61 345
1 61 346
1 61 347
1 61 348
1 61 349
1 61 350
1 61 351
1 61 352
1 61 353
1 61 354
1 61 355
1 61 356
1 61 357
1 61 358
1 61 359
1 61 360
1 61 361
1 61 362
1 61 363
1 61 364
1 61 365
1 61 366
1 61 367
1 61 368
1 61 369
1 61 370
1 61 371
1 61 399
1 62 0
1 62 48
1 62 49
1 62 50
1 62 51
1 62 52
1 62 53
1 62 54
1 62 55
1 62 56
1 62 57
1 62 58
1 62 59
1 62 60
1 62 61
1 62 124
1 62 125
1 62 126
1 62 127
1 62 128
1 62 129
1 62 130
1 62 131
1 62 132
1 62 133
1 62 134
1 62 135
1 62 136
1 62 137
1 62 138
1 62 139
1 62 140
1 62 141
1 62 142
1 62 143
1 62 144
1 62 145
1 62 146
1 62 147
1 62 148
1 62 149
1 62 150
1 62 151
1 62 152
1 62 153
1 62 154
1 62 155
1 62 156
1 62 157
1 62 232
1 62 233
1 62 234
1 62 235
1 62 236
1 62 337
1 62 338
1 62 339
1 62 340
1 62 341
1 62 342
1 62 343
1 62 344
1 62 345
1 62 346
1 62 347
1 62 348
1 62 349
1 62 350
1 62 351
1 62 352
1 62 353
1 62 354
1 62 355
1 62 356
1 62 357
1 62 358
1 62 359
1 62 360
1 62 361
1 62 362
1 62 363
1 62 364
1 62 365
1 62 366
1 62 367
1 62 368
1 62 369
1 62 370
1 62 371
1 62 399
1 63 0
1 63 49
1 63 50
1 63 51
1 63 52
1 63 53
1 63 54
1 63 55
1 63 56
1 63 57
1 63 58
1 63 59
1 63 60
1 63 126
1 63 127
1 63 128
1 63 129
1 63 130
1 63 131
1 63 132
1 63 133
1 63 134
1 63 135
1 63 136
1 63 137
1 63 138
1 63 139
1 63 140
1 63 141
1 63 142
1 63 143
1 63 144
1 63 145
1 63 146
1 63 147
1 63 148
1 63 149
1 63 150
1 63 151
1 63 152
1 63 153
1 63 154
1 63 155
1 63 232
1 63 233
1 63 234
1 63 235
1 63 236
1 63 399
1 64 0
1 64 49
1 64 50
1 64 51
1 64 52
1 64 53
1 64 54
1 64 55
1 64 56
1 64 57
1 64 58
1 64 59
1 64 60
1 64 128
1 64 129
1 64 130
1 64 131
1 64 132
1 64 133
1 64 134
1 64 135
1 64 136
1 64 137
1 64 138
1 64 139
1 64 140
1 64 141
1 64 142
1 64 143
1 64 144
1 64 145
1 64 146
1 64 147
1 64 148
1 64 149
1 64 150
1 64 151
1 64 152
1 64 153
1 64 232
1 64 233
1 64 234
1 64 235
1 64 236
1 64 399
1 65 0
1 65 50
1 65 51
1 65 52
1 65 53
1 65 54
1 65 55
1 65 56
1 65 57
1 65 58
1 65 59
1 65 130
1 65 131
1 65 132
1 65 133
1 65 134
1 65 135
1 65 136
1 65 137
1 65 138
1 65 139
1 65 140
1 65 141
1 65 142
1 65 143
1 65 144
1 65 145
1 65 146
1 65 147
1 65 148
1 65 149
1 65 150
1 65 151
1 65 232
1 65 233
1 65 234
1 65 235
1 65 236
1 65 399
1 66 0
1 66 50
1 66 51
1 66 52
1 66 53
1 66 54
1 66 55
1 66 56
1 66 57
1 66 58
1 66 59
1 66 132
1 66 133
1 66 134
1 66 135
1 66 136
1 66 137
1 66 138
1 66 139
1 66 140
1 66 141
1 66 142
1 66 143
1 66 144
1 66 145
1 66 146
1 66 147
1 66 148
1 66 149
1 66 150
1 66 232
1 66 233
1 66 234
1 66 235
1 66 236
1 66 399
1 67 0
1 67 50
1 67 51
1 67 52
1 67 53
1 67 54
1 67 55
1 67 56
1 67 57
1 67 58
1 67 59
1 67 136
1 67 137
1 67 138
1 67 139
1 67 140
1 67 141
1 67 142
1 67 143
1 67 144
1 67 145
1 67 146
1 67 232
1 67 233
1 67 234
1 67 235
1 67 236
1 67 399
1 68 0
1 68 50
1 68 51
1 68 52
1 68 53
1 68 54
1 68 55
1 68 56
1 68 57
1 68 58
1 68 232
1 68 233
1 68 234
1 68 235
1 68 236
1 68 399
1 69 0
1 69 50
1 69 51
1 69 52
1 69 53
1 69 54
1 69 55
1 69 56
1 69 57
1 69 58
1 69 232
1 69 233
1 69 234
1 69 235
1 69 236
1 69 399
1 70 0
1 70 51
1 70 52
1 70 53
1 70 54
1 70 55
1 70 56
1 70 57
1 70 232
1 70 233
1 70 234
1 70 235
1 70 236
1 70 399
1 71 0
1 71 51
1 71 52
1 71 53
1 71 54
1 71 55
1 71 56
1 71 57
1 71 232
1 71 233
1 71 234
1 71 235
1 71 236
1 71 399
1 72 0
1 72 52
1 72 53
1 72 54
1 72 55
1 72 56
1 72 232
1 72 233
1 72 234
1 72 235
1 72 236
1 72 399
1 73 0
1 73 53
1 73 54
1 73 55
1 73 179
1 73 180
1 73 181
1 73 182
1 73 183
1 73 184
1 73 185
1 73 186
1 73 187
1 73 188
1 73 189
1 73 190
1 73 191
1 73 192
1 73 193
1 73 194
1 73 195
1 73 196
1 73 197
1 73 198
1 73 199
1 73 200
1 73 201
1 73 202
1 73 203
1 73 204
1 73 205
1 73 206
1 73 207
1 73 208
1 73 209
1 73 210
1 73 211
1 73 212
1 73 213
1 73 214
1 73 215
1 73 216
1 73 217
1 73 218
1 73 219
1 73 220
1 73 221
1 73 222
1 73 223
1 73 224
1 73 225
1 73 226
1 73 227
1 73 228
1 73 229
1 73 230
1 73 231
1 73 232
1 73 233
1 73 234
1 73 235
1 73 236
1 73 399
1 74 0
1 74 178
1 74 179
1 74 180
1 74 181
1 74 182
1 74 183
1 74 184
1 74 185
1 74 186
1 74 187
1 74 188
1 74 189
1 74 190
1 74 191
1 74 192
1 74 193
1 74 194
1 74 195
1 74 196
1 74 197
1 74 198
1 74 199
1 74 200
1 74 201
1 74 202
1 74 203
1 74 204
1 74 205
1 74 206
1 74 207
1 74 208
1 74 209
1 74 210
1 74 211
1 74 212
1 74 213
1 74 214
1 74 215
1 74 216
1 74 217
1 74 218
1 74 219
1 74 220
1 74 221
1 74 222
1 74 223
1 74 224
1 74 225
1 74 226
1 74 227
1 74 228
1 74 229
1 74 230
1 74 231
1 74 232
1 74 233
1 74 234
1 74 235
1 74 236
1 74 399
1 75 0
1 75 178
1 75 179
1 75 180
1 75 181
1 75 182
1 75 183
1 75 184
1 75 185
1 75 186
1 75 187
1 75 188
1 75 189
1 75 190
1 75 191
1 75 192
1 75 193
1 75 194
1 75 195
1 75 196
1 75 197
1 75 198
1 75 199
1 75 200
1 75 201
1 75 202
1 75 203
1 75 204
1 75 205
1 75 206
1 75 207
1 75 208
1 75 209
1 75 210
1 75 211
1 75 212
1 75 213
1 75 214
1 75 215
1 75 216
1 75 217
1 75 218
1 75 219
1 75 220
1 75 221
1 75 222
1 75 223
1 75 224
1 75 225
1 75 226
1 75 227
1 75 228
1 75 229
1 75 230
1 75 231
1 75 232
1 75 233
1 75 234
1 75 235
1 75 236
1 75 399
1 76 0
1 76 178
1 76 179
1 76 180
1 76 181
1 76 182
1 76 183
1 76 184
1 76 185
1 76 186
1 76 187
1 76 188
1 76 189
1 76 190
1 76 191
1 76 192
1 76 193
1 76 194
1 76 195
1 76 196
1 76 197
1 76 198
1 76 199
1 76 200
1 76 201
1 76 202
1 76 203
1 76 204
1 76 205
1 76 206
1 76 207
1 76 208
1 76 209
1 76 210
1 76 211
1 76 212
1 76 213
1 76 214
1 76 215
1 76 216
1 76 217
1 76 218
1 76 219
1 76 220
1 76 221
1 76 222
1 76 223
1 76 224
1 76 225
1 76 226
1 76 227
1 76 228
1 76 229
1 76 230
1 76 231
1 76 232
1 76 233
1 76 234
1 76 235
1 76 236
1 76 399
1 77 0
1 77 179
1 77 180
1 77 181
1 77 182
1 77 183
1 77 184
1 77 185
1 77 186
1 77 187
1 77 188
1 77 189
1 77 190
1 77 191
1 77 192
1 77 193
1 77 194
1 77 195
1 77 196
1 77 197
1 77 198
1 77 199
1 77 200
1 77 201
1 77 202
1 77 203
1 77 204
1 77 205
1 77 206
1 77 207
1 77 208
1 77 209
1 77 210
1 77 211
1 77 212
1 77 213
1 77 214
1 77 215
1 77 216
1 77 217
1 77 218
1 77 219
1 77 220
1 77 221
1 77 222
1 77 223
1 77 224
1 77 225
1 77 226
1 77 227
1 77 228
1 77 229
1 77 230
1 77 231
1 77 232
1 77 233
1 77 234
1 77 235
1 77 236
1 77 399
1 78 0
1 78 232
1 78 233
1 78 234
1 78 235
1 78 236
1 78 399
1 79 0
1 79 232
1 79 233
1 79 234
1 79 235
1 79 236
1 79 399
1 80 0
1 80 232
1 80 233
1 80 234
1 80 235
1 80 236
1 80 399
1 81 0
1 81 232
1 81 233
1 81 234
1 81 235
1 81 236
1 81 399
1 82 0
1 82 232
1 82 233
1 82 234
1 82 235
1 82 236
1 82 399
1 83 0
1 83 232
1 83 233
1 83 234
1 83 235
1 83 236
1 83 399
1 84 0
1 84 232
1 84 233
1 84 234
1 84 235
1 84 236
1 84 399
1 85 0
1 85 232
1 85 233
1 85 234
1 85 235
1 85 236
1 85 399
1 86 0
1 86 232
1 86 233
1 86 234
1 86 235
1 86 236
1 86 399
1 87 0
1 87 232
1 87 233
1 87 234
1 87 235
1 87 236
1 87 399
1 88 0
1 88 232
1 88 233
1 88 234
1 88 235
1 88 236
1 88 399
1 89 0
1 89 232
1 89 233
1 89 234
1 89 235
1 89 236
1 89 399
1 90 0
1 90 232
1 90 233
1 90 234
1 90 235
1 90 236
1 90 299
1 90 300
1 90 399
1 91 0
1 91 232
1 91 233
1 91 234
1 91 235
1 91 236
1 91 298
1 91 299
1 91 300
1 91 301
1 91 399
1 92 0
1 92 232
1 92 233
1 92 234
1 92 235
1 92 236
1 92 297
1 92 298
1 92 299
1 92 300
1 92 301
1 92 302
1 92 399
1 93 0
1 93 233
1 93 234
1 93 235
1 93 297
1 93 298
1 93 299
1 93 300
1 93 301
1 93 302
1 93 399
1 94 0
1 94 297
1 94 298
1 94 299
1 94 300
1 94 301
1 94 302
1 94 399
1 95 0
1 95 297
1 95 298
1 95 299
1 95 300
1 95 301
1 95 302
1 95 303
1 95 399
1 96 0
1 96 18
1 96 19
1 96 20
1 96 21
1 96 22
1 96 23
1 96 24
1 96 25
1 96 26
1 96 27
1 96 28
1 96 29
1 96 30
1 96 31
1 96 32
1 96 33
1 96 34
1 96 35
1 96 36
1 96 37
1 96 38
1 96 39
1 96 40
1 96 296
1 96 297
1 96 298
1 96 299
1 96 300
1 96 301
1 96 302
1 96 303
1 96 399
1 97 0
1 97 10
1 97 11
1 97 12
1 97 13
1 97 14
1 97 15
1 97 16
1 97 17
1 97 18
1 97 19
1 97 20
1 97 21
1 97 22
1 97 23
1 97 24
1 97 25
1 97 26
1 97 27
1 97 28
1 97 29
1 97 30
1 97 31
1 97 32
1 97 33
1 97 34
1 97 35
1 97 36
1 97 37
1 97 38
1 97 39
1 97 40
1 97 41
1 97 42
1 97 43
1 97 44
1 97 45
1 97 46
1 97 47
1 97 48
1 97 296
1 97 297
1 97 298
1 97 299
1 97 300
1 97 301
1 97 302
1 97 303
1 97 399
1 98 0
1 98 6
1 98 7
1 98 8
1 98 9
1 98 10
1 98 11
1 98 12
1 98 13
1 98 14
1 98 15
1 98 16
1 98 17
1 98 18
1 98 19
1 98 20
1 98 21
1 98 22
1 98 23
1 98 24
1 98 25
1 98 26
1 98 27
1 98 28
1 98 29
1 98 30
1 98 31
1 98 32
1 98 33
1 98 34
1 98 35
1 98 36
1 98 37
1 98 38
1 98 39
1 98 40
1 98 41
1 98 42
1 98 43
1 98 44
1 98 45
1 98 46
1 98 47
1 98 48
1 98 49
1 98 50
1 98 51
1 98 293
1 98 294
1 98 295
1 98 296
1 98 297
1 98 298
1 98 299
1 98 300
1 98 301
1 98 302
1 98 303
1 98 304
1 98 305
1 98 306
1 98 399
1 99 0
1 99 3
1 99 4
1 99 5
1 99 6
1 99 7
1 99 8
1 99 9
1 99 10
1 99 11
1 99 12
1 99 13
1 99 14
1 99 15
1 99 16
1 99 17
1 99 18
1 99 19
1 99 20
1 99 21
1 99 22
1 99 23
1 99 24
1 99 25
1 99 26
1 99 27
1 99 28
1 99 29
1 99 30
1 99 31
1 99 32
1 99 33
1 99 34
1 99 35
1 99 36
1 99 37
1 99 38
1 99 39
1 99 40
1 99 41
1 99 42
1 99 43
1 99 44
1 99 45
1 99 46
1 99 47
1 99 48
1 99 49
1 99 50
1 99 51
1 99 52
1 99 53
1 99 54
1 99 288
1 99 289
1 99 290
1 99 291
1 99 292
1 99 293
1 99 294
1 99 295
1 99 296
1 99 297
1 99 298
1 99 299
1 99 300
1 99 301
1 99 302
1 99 303
1 99 304
1 99 305
1 99 306
1 99 307
1 99 308
1 99 309
1 99 310
1 99 311
1 99 399
1 100 0
1 100 1
1 100 2
1 100 3
1 100 4
1 100 5
1 100 6
1 100 7
1 100 8
1 100 9
1 100 10
1 100 11
1 100 12
1 100 13
1 100 14
1 100 15
1 100 16
1 100 17
1 100 18
1 100 19
1 100 20
1 100 21
1 100 22
1 100 23
1 100 24
1 100 25
1 100 26
1 100 27
1 100 28
1 100 29
1 100 30
1 100 31
1 100 32
1 100 33
1 100 34
1 100 35
1 100 36
1 100 37
1 100 38
1 100 39
1 100 40
1 100 41
1 100 42
1 100 43
1 100 44
1 100 45
1 100 46
1 100 47
1 100 48
1 100 49
1 100 50
1 100 51
1 100 52
1 100 53
1 100 54
1 100 55
1 100 56
1 100 287
1 100 288
1 100 289
1 100 290
1 100 291
1 100 292
1 100 293
1 100 294
1 100 295
1 100 296
1 100 297
1 100 298
1 100 299
1 100 300
1 100 301
1 100 302
1 100 303
1 100 304
1 100 305
1 100 306
1 100 307
1 100 308
1 100 309
1 100 310
1 100 311
1 100 312
1 100 399
1 101 0
1 101 1
1 101 2
1 101 3
1 101 4
1 101 5
1 101 6
1 101 7
1 101 8
1 101 9
1 101 10
1 101 11
1 101 12
1 101 13
1 101 14
1 101 15
1 101 16
1 101 17
1 101 18
1 101 19
1 101 20
1 101 21
1 101 22
1 101 23
1 101 24
1 101 25
1 101 26
1 101 27
1 101 28
1 101 29
1 101 30
1 101 31
1 101 32
1 101 33
1 101 34
1 101 35
1 101 36
1 101 37
1 101 38
1 101 39
1 101 40
1 101 41
1 101 42
1 101 43
1 101 44
1 101 45
1 101 46
1 101 47
1 101 48
1 101 49
1 101 50
1 101 51
1 101 52
1 101 53
1 101 54
1 101 55
1 101 56
1 101 57
1 101 134
1 101 135
1 101 288
1 101 289
1 101 290
1 101 291
1 101 292
1 101 293
1 101 294
1 101 295
1 101 296
1 101 297
1 101 298
1 101 299
1 101 300
1 101 301
1 101 302
1 101 303
1 101 304
1 101 305
1 101 306
1 101 307
1 101 308
1 101 309
1 101 310
1 101 311
1 101 399
1 102 0
1 102 1
1 102 2
1 102 3
1 102 4
1 102 5
1 102 6
1 102 7
1 102 8
1 102 9
1 102 10
1 102 11
1 102 12
1 102 13
1 102 14
1 102 15
1 102 16
1 102 17
1 102 18
1 102 19
1 102 20
1 102 21
1 102 22
1 102 23
1 102 24
1 102 25
1 102 26
1 102 27
1 102 28
1 102 29
1 102 30
1 102 31
1 102 32
1 102 33
1 102 34
1 102 35
1 102 36
1 102 37
1 102 38
1 102 39
1 102 40
1 102 41
1 102 42
1 102 43
1 102 44
1 102 45
1 102 46
1 102 47
1 102 48
1 102 49
1 102 50
1 102 51
1 102 52
1 102 53
1 102 54
1 102 55
1 102 56
1 102 57
1 102 133
1 102 134
1 102 135
1 102 136
1 102 288
1 102 289
1 102 290
1 102 291
1 102 292
1 102 293
1 102 294
1 102 295
1 102 296
1 102 297
1 102 298
1 102 299
1 102 300
1 102 301
1 102 302
1 102 303
1 102 304
1 102 305
1 102 306
1 102 307
1 102 308
1 102 309
1 102 310
1 102 311
1 102 399
1 103 0
1 103 1
1 103 2
1 103 3
1 103 4
1 103 5
1 103 6
1 103 7
1 103 8
1 103 9
1 103 10
1 103 11
1 103 12
1 103 13
1 103 14
1 103 15
1 103 16
1 103 17
1 103 18
1 103 19
1 103 20
1 103 21
1 103 22
1 103 23
1 103 24
1 103 25
1 103 26
1 103 27
1 103 28
1 103 29
1 103 30
1 103 31
1 103 32
1 103 33
1 103 34
1 103 35
1 103 36
1 103 37
1 103 38
1 103 39
1 103 40
1 103 41
1 103 42
1 103 43
1 103 44
1 103 45
1 103 46
1 103 47
1 103 48
1 103 49
1 103 50
1 103 51
1 103 52
1 103 53
1 103 54
1 103 55
1 103 56
1 103 57
1 103 132
1 103 133
1 103 134
1 103 135
1 103 136
1 103 137
1 103 290
1 103 291
1 103 292
1 103 293
1 103 294
1 103 295
1 103 296
1 103 297
1 103 298
1 103 299
1 103 300
1 103 301
1 103 302
1 103 303
1 103 304
1 103 305
1 103 306
1 103 307
1 103 308
1 103 309
1 103 399
1 104 0
1 104 1
1 104 2
1 104 3
1 104 4
1 104 5
1 104 6
1 104 7
1 104 8
1 104 9
1 104 10
1 104 11
1 104 12
1 104 13
1 104 14
1 104 15
1 104 16
1 104 17
1 104 18
1 104 19
1 104 20
1 104 21
1 104 22
1 104 23
1 104 24
1 104 25
1 104 26
1 104 27
1 104 28
1 104 29
1 104 30
1 104 31
1 104 32
1 104 33
1 104 34
1 104 35
1 104 36
1 104 37
1 104 38
1 104 39
1 104 40
1 104 41
1 104 42
1 104 43
1 104 44
1 104 45
1 104 46
1 104 47
1 104 48
1 104 49
1 104 50
1 104 51
1 104 52
1 104 53
1 104 54
1 104 55
1 104 56
1 104 132
1 104 133
1 104 134
1 104 135
1 104 136
1 104 137
1 104 291
1 104 292
1 104 293
1 104 294
1 104 295
1 104 296
1 104 297
1 104 298
1 104 299
1 104 300
1 104 301
1 104 302
1 104 303
1 104 304
1 104 305
1 104 306
1 104 307
1 104 308
1 104 399
1 105 0
1 105 2
1 105 3
1 105 4
1 105 5
1 105 6
1 105 7
1 105 8
1 105 9
1 105 10
1 105 11
1 105 12
1 105 13
1 105 14
1 105 15
1 105 16
1 105 17
1 105 18
1 105 19
1 105 20
1 105 21
1 105 22
1 105 23
1 105 24
1 105 25
1 105 26
1 105 27
1 105 28
1 105 29
1 105 30
1 105 31
1 105 32
1 105 33
1 105 34
1 105 35
1 105 36
1 105 37
1 105 38
1 105 39
1 105 40
1 105 41
1 105 42
1 105 43
1 105 44
1 105 45
1 105 46
1 105 47
1 105 48
1 105 49
1 105 50
1 105 51
1 105 52
1 105 53
1 105 54
1 105 55
1 105 132
1 105 133
1 105 134
1 105 135
1 105 136
1 105 137
1 105 292
1 105 293
1 105 294
1 105 295
1 105 296
1 105 297
1 105 298
1 105 299
1 105 300
1 105 301
1 105 302
1 105 303
1 105 304
1 105 305
1 105 306
1 105 307
1 105 399
1 106 0
1 106 3
1 106 4
1 106 5
1 106 6
1 106 7
1 106 8
1 106 9
1 106 10
1 106 11
1 106 12
1 106 13
1 106 14
1 106 15
1 106 16
1 106 17
1 106 18
1 106 19
1 106 20
1 106 21
1 106 22
1 106 23
1 106 24
1 106 25
1 106 26
1 106 27
1 106 28
1 106 29
1 106 30
1 106 31
1 106 32
1 106 33
1 106 34
1 106 35
1 106 36
1 106 37
1 106 38
1 106 39
1 106 40
1 106 41
1 106 42
1 106 43
1 106 44
1 106 45
1 106 46
1 106 47
1 106 48
1 106 49
1 106 50
1 106 51
1 106 52
1 106 53
1 106 54
1 106 132
1 106 133
1 106 134
1 106 135
1 106 136
1 106 137
1 106 293
1 106 294
1 106 295
1 106 296
1 106 297
1 106 298
1 106 299
1 106 300
1 106 301
1 106 302
1 106 303
1 106 304
1 106 305
1 106 306
1 106 399
1 107 0
1 107 6
1 107 7
1 107 8
1 107 9
1 107 10
1 107 11
1 107 12
1 107 13
1 107 14
1 107 15
1 107 16
1 107 17
1 107 18
1 107 19
1 107 20
1 107 21
1 107 22
1 107 23
1 107 24
1 107 25
1 107 26
1 107 27
1 107 28
1 107 29
1 107 30
1 107 31
1 107 32
1 107 33
1 107 34
1 107 35
1 107 36
1 107 37
1 107 38
1 107 39
1 107 40
1 107 41
1 107 42
1 107 43
1 107 44
1 107 45
1 107 46
1 107 47
1 107 48
1 107 49
1 107 50
1 107 51
1 107 131
1 107 132
1 107 133
1 107 134
1 107 135
1 107 136
1 107 137
1 107 138
1 107 215
1 107 216
1 107 217
1 107 293
1 107 294
1 107 295
1 107 296
1 107 297
1 107 298
1 107 299
1 107 300
1 107 301
1 107 302
1 107 303
1 107 304
1 107 305
1 107 306
1 107 399
1 108 0
1 108 10
1 108 11
1 108 12
1 108 13
1 108 14
1 108 15
1 108 16
1 108 17
1 108 18
1 108 19
1 108 20
1 108 21
1 108 22
1 108 23
1 108 24
1 108 25
1 108 26
1 108 27
1 108 28
1 108 29
1 108 30
1 108 31
1 108 32
1 108 33
1 108 34
1 108 35
1 108 36
1 108 37
1 108 38
1 108 39
1 108 40
1 108 41
1 108 42
1 108 43
1 108 44
1 108 45
1 108 46
1 108 47
1 108 48
1 108 131
1 108 132
1 108 133
1 108 134
1 108 135
1 108 136
1 108 137
1 108 138
1 108 213
1 108 214
1 108 215
1 108 216
1 108 217
1 108 218
1 108 292
1 108 293
1 108 294
1 108 295
1 108 296
1 108 297
1 108 298
1 108 299
1 108 300
1 108 301
1 108 302
1 108 303
1 108 304
1 108 305
1 108 306
1 108 307
1 108 399
1 109 0
1 109 18
1 109 19
1 109 20
1 109 21
1 109 22
1 109 23
1 109 24
1 109 25
1 109 26
1 109 27
1 109 28
1 109 29
1 109 30
1 109 31
1 109 32
1 109 33
1 109 34
1 109 35
1 109 36
1 109 37
1 109 38
1 109 39
1 109 40
1 109 41
1 109 131
1 109 132
1 109 133
1 109 134
1 109 135
1 109 136
1 109 137
1 109 138
1 109 212
1 109 213
1 109 214
1 109 215
1 109 216
1 109 217
1 109 218
1 109 219
1 109 220
1 109 292
1 109 293
1 109 294
1 109 295
1 109 296
1 109 297
1 109 298
1 109 299
1 109 300
1 109 301
1 109 302
1 109 303
1 109 304
1 109 305
1 109 306
1 109 307
1 109 399
1 110 0
1 110 127
1 110 128
1 110 129
1 110 130
1 110 131
1 110 132
1 110 133
1 110 134
1 110 135
1 110 136
1 110 137
1 110 138
1 110 139
1 110 140
1 110 141
1 110 142
1 110 208
1 110 209
1 110 210
1 110 211
1 110 212
1 110 213
1 110 214
1 110 215
1 110 216
1 110 217
1 110 218
1 110 219
1 110 220
1 110 221
1 110 222
1 110 223
1 110 292
1 110 293
1 110 294
1 110 295
1 110 296
1 110 297
1 110 298
1 110 299
1 110 300
1 110 301
1 110 302
1 110 303
1 110 304
1 110 305
1 110 306
1 110 307
1 110 308
1 110 399
1 111 0
1 111 124
1 111 125
1 111 126
1 111 127
1 111 128
1 111 129
1 111 130
1 111 131
1 111 132
1 111 133
1 111 134
1 111 135
1 111 136
1 111 137
1 111 138
1 111 139
1 111 140
1 111 141
1 111 142
1 111 143
1 111 144
1 111 145
1 111 207
1 111 208
1 111 209
1 111 210
1 111 211
1 111 212
1 111 213
1 111 214
1 111 215
1 111 216
1 111 217
1 111 218
1 111 219
1 111 220
1 111 221
1 111 222
1 111 223
1 111 224
1 111 291
1 111 292
1 111 293
1 111 294
1 111 295
1 111 296
1 111 297
1 111 298
1 111 301
1 111 302
1 111 303
1 111 304
1 111 305
1 111 306
1 111 307
1 111 308
1 111 399
1 112 0
1 112 123
1 112 124
1 112 125
1 112 126
1 112 127
1 112 128
1 112 129
1 112 130
1 112 131
1 112 132
1 112 133
1 112 134
1 112 135
1 112 136
1 112 137
1 112 138
1 112 139
1 112 140
1 112 141
1 112 142
1 112 143
1 112 144
1 112 145
1 112 146
1 112 205
1 112 206
1 112 207
1 112 208
1 112 209
1 112 210
1 112 211
1 112 212
1 112 213
1 112 214
1 112 215
1 112 216
1 112 217
1 112 218
1 112 219
1 112 220
1 112 221
1 112 222
1 112 223
1 112 224
1 112 225
1 112 226
1 112 291
1 112 292
1 112 293
1 112 294
1 112 295
1 112 296
1 112 297
1 112 302
1 112 303
1 112 304
1 112 305
1 112 306
1 112 307
1 112 308
1 112 399
1 113 0
1 113 123
1 113 124
1 113 125
1 113 126
1 113 127
1 113 128
1 113 129
1 113 130
1 113 131
1 113 132
1 113 133
1 113 134
1 113 135
1 113 136
1 113 137
1 113 138
1 113 139
1 113 140
1 113 141
1 113 142
1 113 143
1 113 144
1 113 145
1 113 146
1 113 204
1 113 205
1 113 206
1 113 207
1 113 208
1 113 209
1 113 210
1 113 211
1 113 212
1 113 213
1 113 214
1 113 215
1 113 216
1 113 217
1 113 218
1 113 219
1 113 220
1 113 221
1 113 222
1 113 223
1 113 224
1 113 225
1 113 226
1 113 227
1 113 291
1 113 292
1 113 293
1 113 294
1 113 295
1 113 304
1 113 305
1 113 306
1 113 307
1 113 308
1 113 399
1 114 0
1 114 123
1 114 124
1 114 125
1 114 126
1 114 127
1 114 128
1 114 129
1 114 130
1 114 131
1 114 132
1 114 133
1 114 134
1 114 135
1 114 136
1 114 137
1 114 138
1 114 139
1 114 140
1 114 141
1 114 142
1 114 143
1 114 144
1 114 145
1 114 146
1 114 202
1 114 203
1 114 204
1 114 205
1 114 206
1 114 207
1 114 208
1 114 209
1 114 210
1 114 211
1 114 212
1 114 213
1 114 214
1 114 215
1 114 216
1 114 217
1 114 218
1 114 219
1 114 220
1 114 221
1 114 222
1 114 223
1 114 224
1 114 225
1 114 226
1 114 227
1 114 228
1 114 229
1 114 292
1 114 293
1 114 294
1 114 305
1 114 306
1 114 307
1 114 399
1 115 0
1 115 124
1 115 125
1 115 126
1 115 127
1 115 128
1 115 129
1 115 130
1 115 131
1 115 132
1 115 133
1 115 134
1 115 135
1 115 136
1 115 137
1 115 138
1 115 139
1 115 140
1 115 141
1 115 142
1 115 143
1 115 144
1 115 145
1 115 201
1 115 202
1 115 203
1 115 204
1 115 205
1 115 206
1 115 207
1 115 208
1 115 209
1 115 210
1 115 211
1 115 212
1 115 213
1 115 214
1 115 215
1 115 216
1 115 217
1 115 218
1 115 219
1 115 220
1 115 221
1 115 222
1 115 223
1 115 224
1 115 225
1 115 226
1 115 227
1 115 228
1 115 229
1 115 230
1 115 399
1 116 0
1 116 126
1 116 127
1 116 128
1 116 129
1 116 130
1 116 131
1 116 132
1 116 133
1 116 134
1 116 135
1 116 136
1 116 137
1 116 138
1 116 139
1 116 140
1 116 141
1 116 142
1 116 143
1 116 199
1 116 200
1 116 201
1 116 202
1 116 203
1 116 204
1 116 205
1 116 206
1 116 207
1 116 208
1 116 209
1 116 210
1 116 211
1 116 212
1 116 213
1 116 214
1 116 215
1 116 216
1 116 217
1 116 218
1 116 219
1 116 220
1 116 221
1 116 222
1 116 223
1 116 224
1 116 225
1 116 226
1 116 227
1 116 228
1 116 229
1 116 230
1 116 231
1 116 232
1 116 399
1 117 0
1 117 129
1 117 130
1 117 131
1 117 132
1 117 133
1 117 134
1 117 135
1 117 136
1 117 137
1 117 138
1 117 139
1 117 140
1 117 198
1 117 199
1 117 200
1 117 201
1 117 202
1 117 203
1 117 204
1 117 205
1 117 206
1 117 207
1 117 208
1 117 209
1 117 210
1 117 211
1 117 212
1 117 213
1 117 214
1 117 215
1 117 216
1 117 217
1 117 218
1 117 219
1 117 220
1 117 221
1 117 222
1 117 223
1 117 224
1 117 225
1 117 226
1 117 227
1 117 228
1 117 229
1 117 230
1 117 231
1 117 232
1 117 233
1 117 399
1 118 0
1 118 131
1 118 132
1 118 133
1 118 134
1 118 135
1 118 136
1 118 137
1 118 138
1 118 196
1 118 197
1 118 198
1 118 199
1 118 200
1 118 201
1 118 202
1 118 203
1 118 204
1 118 205
1 118 206
1 118 207
1 118 208
1 118 209
1 118 210
1 118 211
1 118 212
1 118 213
1 118 214
1 118 215
1 118 216
1 118 217
1 118 218
1 118 219
1 118 220
1 118 221
1 118 222
1 118 223
1 118 224
1 118 225
1 118 226
1 118 227
1 118 228
1 118 229
1 118 230
1 118 231
1 118 232
1 118 233
1 118 234
1 118 235
1 118 399
1 119 0
1 119 131
1 119 132
1 119 133
1 119 134
1 119 135
1 119 136
1 119 137
1 119 138
1 119 193
1 119 194
1 119 195
1 119 196
1 119 197
1 119 198
1 119 199
1 119 200
1 119 201
1 119 202
1 119 203
1 119 204
1 119 205
1 119 206
1 119 207
1 119 208
1 119 209
1 119 210
1 119 211
1 119 212
1 119 213
1 119 214
1 119 215
1 119 216
1 119 217
1 119 218
1 119 219
1 119 220
1 119 221
1 119 222
1 119 223
1 119 224
1 119 225
1 119 226
1 119 227
1 119 228
1 119 229
1 119 230
1 119 231
1 119 232
1 119 233
1 119 234
1 119 235
1 119 236
1 119 237
1 119 238
1 119 399
1 120 0
1 120 132
1 120 133
1 120 134
1 120 135
1 120 136
1 120 137
1 120 192
1 120 193
1 120 194
1 120 195
1 120 196
1 120 197
1 120 198
1 120 199
1 120 200
1 120 201
1 120 202
1 120 203
1 120 204
1 120 205
1 120 206
1 120 207
1 120 208
1 120 209
1 120 210
1 120 211
1 120 212
1 120 213
1 120 214
1 120 215
1 120 216
1 120 217
1 120 218
1 120 219
1 120 220
1 120 221
1 120 222
1 120 223
1 120 224
1 120 225
1 120 226
1 120 227
1 120 228
1 120 229
1 120 230
1 120 231
1 120 232
1 120 233
1 120 234
1 120 235
1 120 236
1 120 237
1 120 238
1 120 239
1 120 399
1 121 0
1 121 132
1 121 133
1 121 134
1 121 135
1 121 136
1 121 137
1 121 191
1 121 192
1 121 193
1 121 194
1 121 195
1 121 196
1 121 197
1 121 198
1 121 199
1 121 200
1 121 201
1 121 202
1 121 203
1 121 204
1 121 205
1 121 206
1 121 207
1 121 208
1 121 209
1 121 210
1 121 211
1 121 212
1 121 213
1 121 214
1 121 215
1 121 216
1 121 217
1 121 218
1 121 219
1 121 220
1 121 221
1 121 222
1 121 223
1 121 224
1 121 225
1 121 226
1 121 227
1 121 228
1 121 229
1 121 230
1 121 231
1 121 232
1 121 233
1 121 234
1 121 235
1 121 236
1 121 237
1 121 238
1 121 239
1 121 240
1 121 399
1 122 0
1 122 132
1 122 133
1 122 134
1 122 135
1 122 136
1 122 137
1 122 190
1 122 191
1 122 192
1 122 193
1 122 194
1 122 195
1 122 196
1 122 197
1 122 198
1 122 199
1 122 200
1 122 201
1 122 202
1 122 203
1 122 204
1 122 205
1 122 206
1 122 207
1 122 208
1 122 209
1 122 210
1 122 211
1 122 212
1 122 213
1 122 214
1 122 215
1 122 216
1 122 217
1 122 218
1 122 219
1 122 220
1 122 221
1 122 222
1 122 223
1 122 224
1 122 225
1 122 226
1 122 227
1 122 228
1 122 229
1 122 230
1 122 231
1 122 232
1 122 233
1 122 234
1 122 235
1 122 236
1 122 237
1 122 238
1 122 239
1 122 240
1 122 241
1 122 399
1 123 0
1 123 132
1 123 133
1 123 134
1 123 135
1 123 136
1 123 137
1 123 190
1 123 191
1 123 192
1 123 193
1 123 194
1 123 195
1 123 196
1 123 197
1 123 198
1 123 199
1 123 200
1 123 201
1 123 202
1 123 203
1 123 204
1 123 205
1 123 206
1 123 207
1 123 208
1 123 209
1 123 210
1 123 211
1 123 212
1 123 213
1 123 214
1 123 215
1 123 216
1 123 217
1 123 218
1 123 219
1 123 220
1 123 221
1 123 222
1 123 223
1 123 224
1 123 225
1 123 226
1 123 227
1 123 228
1 123 229
1 123 230
1 123 231
1 123 232
1 123 233
1 123 234
1 123 235
1 123 236
1 123 237
1 123 238
1 123 239
1 123 240
1 123 241
1 123 399
1 124 0
1 124 133
1 124 134
1 124 135
1 124 136
1 124 190
1 124 191
1 124 192
1 124 193
1 124 194
1 124 195
1 124 196
1 124 197
1 124 198
1 124 199
1 124 200
1 124 201
1 124 202
1 124 203
1 124 204
1 124 205
1 124 206
1 124 207
1 124 208
1 124 209
1 124 210
1 124 211
1 124 212
1 124 213
1 124 214
1 124 215
1 124 216
1 124 217
1 124 218
1 124 219
1 124 220
1 124 221
1 124 222
1 124 223
1 124 224
1 124 225
1 124 226
1 124 227
1 124 228
1 124 229
1 124 230
1 124 231
1 124 232
1 124 233
1 124 234
1 124 235
1 124 236
1 124 237
1 124 238
1 124 239
1 124 240
1 124 241
1 124 399
1 125 0
1 125 133
1 125 134
1 125 135
1 125 136
1 125 191
1 125 192
1 125 193
1 125 194
1 125 195
1 125 196
1 125 197
1 125 198
1 125 199
1 125 200
1 125 201
1 125 202
1 125 203
1 125 204
1 125 205
1 125 206
1 125 207
1 125 208
1 125 209
1 125 210
1 125 211
1 125 212
1 125 213
1 125 214
1 125 215
1 125 216
1 125 217
1 125 218
1 125 219
1 125 220
1 125 221
1 125 222
1 125 223
1 125 224
1 125 225
1 125 226
1 125 227
1 125 228
1 125 229
1 125 230
1 125 231
1 125 232
1 125 233
1 125 234
1 125 235
1 125 236
1 125 237
1 125 238
1 125 239
1 125 240
1 125 399
1 126 0
1 126 191
1 126 192
1 126 193
1 126 194
1 126 195
1 126 196
1 126 197
1 126 198
1 126 199
1 126 200
1 126 201
1 126 202
1 126 203
1 126 204
1 126 205
1 126 206
1 126 207
1 126 208
1 126 209
1 126 210
1 126 211
1 126 212
1 126 213
1 126 214
1 126 215
1 126 216
1 126 217
1 126 218
1 126 219
1 126 220
1 126 221
1 126 222
1 126 223
1 126 224
1 126 225
1 126 226
1 126 227
1 126 228
1 126 229
1 126 230
1 126 231
1 126 232
1 126 233
1 126 234
1 126 235
1 126 236
1 126 237
1 126 238
1 126 239
1 126 240
1 126 399
1 127 0
1 127 191
1 127 192
1 127 193
1 127 194
1 127 195
1 127 196
1 127 197
1 127 198
1 127 199
1 127 200
1 127 201
1 127 202
1 127 203
1 127 204
1 127 205
1 127 206
1 127 207
1 127 208
1 127 209
1 127 210
1 127 211
1 127 212
1 127 213
1 127 214
1 127 215
1 127 216
1 127 217
1 127 218
1 127 219
1 127 220
1 127 221
1 127 222
1 127 223
1 127 224
1 127 225
1 127 226
1 127 227
1 127 228
1 127 229
1 127 230
1 127 231
1 127 232
1 127 233
1 127 234
1 127 235
1 127 236
1 127 237
1 127 238
1 127 239
1 127 240
1 127 399
1 128 0
1 128 192
1 128 193
1 128 194
1 128 195
1 128 196
1 128 197
1 128 198
1 128 199
1 128 200
1 128 201
1 128 202
1 128 203
1 128 204
1 128 205
1 128 206
1 128 207
1 128 208
1 128 209
1 128 210
1 128 211
1 128 212
1 128 213
1 128 214
1 128 215
1 128 216
1 128 217
1 128 218
1 128 219
1 128 220
1 128 221
1 128 222
1 128 223
1 128 224
1 128 225
1 128 226
1 128 227
1 128 228
1 128 229
1 128 230
1 128 231
1 128 232
1 128 233
1 128 234
1 128 235
1 128 236
1 128 237
1 128 238
1 128 239
1 128 399
1 129 0
1 129 27
1 129 28
1 129 29
1 129 30
1 129 31
1 129 32
1 129 33
1 129 34
1 129 35
1 129 36
1 129 37
1 129 38
1 129 39
1 129 40
1 129 41
1 129 42
1 129 43
1 129 44
1 129 45
1 129 46
1 129 47
1 129 48
1 129 49
1 129 50
1 129 51
1 129 52
1 129 53
1 129 54
1 129 55
1 129 56
1 129 57
1 129 58
1 129 59
1 129 60
1 129 61
1 129 192
1 129 193
1 129 194
1 129 195
1 129 196
1 129 197
1 129 198
1 129 199
1 129 200
1 129 201
1 129 202
1 129 203
1 129 204
1 129 205
1 129 206
1 129 207
1 129 208
1 129 209
1 129 210
1 129 211
1 129 212
1 129 213
1 129 214
1 129 215
1 129 216
1 129 217
1 129 218
1 129 219
1 129 220
1 129 221
1 129 222
1 129 223
1 129 224
1 129 225
1 129 226
1 129 227
1 129 228
1 129 229
1 129 230
1 129 231
1 129 232
1 129 233
1 129 234
1 129 235
1 129 236
1 129 237
1 129 238
1 129 239
1 129 399
1 130 0
1 130 27
1 130 28
1 130 29
1 130 30
1 130 31
1 130 32
1 130 33
1 130 34
1 130 35
1 130 36
1 130 37
1 130 38
1 130 39
1 130 40
1 130 41
1 130 42
1 130 43
1 130 44
1 130 45
1 130 46
1 130 47
1 130 48
1 130 49
1 130 50
1 130 51
1 130 52
1 130 53
1 130 54
1 130 55
1 130 56
1 130 57
1 130 58
1 130 59
1 130 60
1 130 61
1 130 193
1 130 194
1 130 195
1 130 196
1 130 197
1 130 198
1 130 199
1 130 200
1 130 201
1 130 202
1 130 203
1 130 204
1 130 205
1 130 206
1 130 207
1 130 208
1 130 209
1 130 210
1 130 211
1 130 212
1 130 213
1 130 214
1 130 215
1 130 216
1 130 217
1 130 218
1 130 219
1 130 220
1 130 221
1 130 222
1 130 223
1 130 224
1 130 225
1 130 226
1 130 227
1 130 228
1 130 229
1 130 230
1 130 231
1 130 232
1 130 233
1 130 234
1 130 235
1 130 236
1 130 237
1 130 238
1 130 399
1 131 0
1 131 27
1 131 28
1 131 29
1 131 30
1 131 31
1 131 32
1 131 33
1 131 34
1 131 35
1 131 36
1 131 37
1 131 38
1 131 39
1 131 40
1 131 41
1 131 42
1 131 43
1 131 44
1 131 45
1 131 46
1 131 47
1 131 48
1 131 49
1 131 50
1 131 51
1 131 52
1 131 53
1 131 54
1 131 55
1 131 56
1 131 57
1 131 58
1 131 59
1 131 60
1 131 61
1 131 193
1 131 194
1 131 195
1 131 196
1 131 197
1 131 198
1 131 199
1 131 200
1 131 201
1 131 202
1 131 203
1 131 204
1 131 205
1 131 206
1 131 207
1 131 208
1 131 209
1 131 210
1 131 211
1 131 212
1 131 213
1 131 214
1 131 215
1 131 216
1 131 217
1 131 218
1 131 219
1 131 220
1 131 221
1 131 222
1 131 223
1 131 224
1 131 225
1 131 226
1 131 227
1 131 228
1 131 229
1 131 230
1 131 231
1 131 232
1 131 233
1 131 234
1 131 235
1 131 236
1 131 237
1 131 238
1 131 360
1 131 361
1 131 362
1 131 363
1 131 364
1 131 365
1 131 366
1 131 367
1 131 368
1 131 369
1 131 370
1 131 371
1 131 372
1 131 373
1 131 374
1 131 375
1 131 376
1 131 377
1 131 378
1 131 379
1 131 380
1 131 381
1 131 382
1 131 383
1 131 384
1 131 385
1 131 386
1 131 387
1 131 388
1 131 389
1 131 390
1 131 391
1 131 392
1 131 393
1 131 394
1 131 395
1 131 396
1 131 397
1 131 398
1 131 399
1 132 0
1 132 27
1 132 28
1 132 29
1 132 30
1 132 31
1 132 32
1 132 33
1 132 34
1 132 35
1 132 36
1 132 37
1 132 38
1 132 39
1 132 40
1 132 41
1 132 42
1 132 43
1 132 44
1 132 45
1 132 46
1 132 47
1 132 48
1 132 49
1 132 50
1 132 51
1 132 52
1 132 53
1 132 54
1 132 55
1 132 56
1 132 57
1 132 58
1 132 59
1 132 60
1 132 61
1 132 194
1 132 195
1 132 196
1 132 197
1 132 198
1 132 199
1 132 200
1 132 201
1 132 202
1 132 203
1 132 204
1 132 205
1 132 206
1 132 207
1 132 208
1 132 209
1 132 210
1 132 211
1 132 212
1 132 213
1 132 214
1 132 215
1 132 216
1 132 217
1 132 218
1 132 219
1 132 220
1 132 221
1 132 222
1 132 223
1 132 224
1 132 225
1 132 226
1 132 227
1 132 228
1 132 229
1 132 230
1 132 231
1 132 232
1 132 233
1 132 234
1 132 235
1 132 236
1 132 237
1 132 238
1 132 359
1 132 360
1 132 361
1 132 362
1 132 363
1 132 364
1 132 365
1 132 366
1 132 367
1 132 368
1 132 369
1 132 370
1 132 371
1 132 372
1 132 373
1 132 374
1 132 375
1 132 376
1 132 377
1 132 378
1 132 379
1 132 380
1 132 381
1 132 382
1 132 383
1 132 384
1 132 385
1 132 386
1 132 387
1 132 388
1 132 389
1 132 390
1 132 391
1 132 392
1 132 393
1 132 394
1 132 395
1 132 396
1 132 397
1 132 398
1 132 399
1 133 0
1 133 27
1 133 28
1 133 29
1 133 30
1 133 31
1 133 32
1 133 33
1 133 34
1 133 35
1 133 36
1 133 37
1 133 38
1 133 39
1 133 40
1 133 41
1 133 42
1 133 43
1 133 44
1 133 45
1 133 46
1 133 47
1 133 48
1 133 49
1 133 50
1 133 51
1 133 52
1 133 53
1 133 54
1 133 55
1 133 56
1 133 57
1 133 58
1 133 59
1 133 60
1 133 61
1 133 194
1 133 195
1 133 196
1 133 197
1 133 198
1 133 199
1 133 200
1 133 201
1 133 202
1 133 203
1 133 204
1 133 205
1 133 206
1 133 207
1 133 208
1 133 209
1 133 210
1 133 211
1 133 212
1 133 213
1 133 214
1 133 215
1 133 216
1 133 217
1 133 218
1 133 219
1 133 220
1 133 221
1 133 222
1 133 223
1 133 224
1 133 225
1 133 226
1 133 227
1 133 228
1 133 229
1 133 230
1 133 231
1 133 232
1 133 233
1 133 234
1 133 235
1 133 236
1 133 237
1 133 359
1 133 360
1 133 361
1 133 362
1 133 363
1 133 364
1 133 365
1 133 366
1 133 367
1 133 368
1 133 369
1 133 370
1 133 371
1 133 372
1 133 373
1 133 374
1 133 375
1 133 376
1 133 377
1 133 378
1 133 379
1 133 380
1 133 381
1 133 382
1 133 383
1 133 384
1 133 385
1 133 386
1 133 387
1 133 388
1 133 389
1 133 390
1 133 391
1 133 392
1 133 393
1 133 394
1 133 395
1 133 396
1 133 397
1 133 398
1 133 399
1 134 0
1 134 27
1 134 28
1 134 29
1 134 30
1 134 31
1 134 32
1 134 33
1 134 34
1 134 35
1 134 36
1 134 37
1 134 38
1 134 39
1 134 40
1 134 41
1 134 42
1 134 43
1 134 44
1 134 45
1 134 46
1 134 47
1 134 48
1 134 49
1 134 50
1 134 51
1 134 52
1 134 53
1 134 54
1 134 55
1 134 56
1 134 57
1 134 58
1 134 59
1 134 60
1 134 61
1 134 194
1 134 195
1 134 196
1 134 197
1 134 198
1 134 199
1 134 200
1 134 201
1 134 202
1 134 203
1 134 204
1 134 205
1 134 206
1 134 207
1 134 208
1 134 209
1 134 210
1 134 211
1 134 212
1 134 213
1 134 214
1 134 215
1 134 216
1 134 217
1 134 218
1 134 219
1 134 220
1 134 221
1 134 222
1 134 223
1 134 224
1 134 225
1 134 226
1 134 227
1 134 228
1 134 229
1 134 230
1 134 231
1 134 232
1 134 233
1 134 234
1 134 235
1 134 236
1 134 237
1 134 359
1 134 360
1 134 361
1 134 362
1 134 363
1 134 364
1 134 365
1 134 366
1 134 367
1 134 368
1 134 369
1 134 370
1 134 371
1 134 372
1 134 373
1 134 374
1 134 375
1 134 376
1 134 377
1 134 378
1 134 379
1 134 380
1 134 381
1 134 382
1 134 383
1 134 384
1 134 385
1 134 386
1 134 387
1 134 388
1 134 389
1 134 390
1 134 391
1 134 392
1 134 393
1 134 394
1 134 395
1 134 396
1 134 397
1 134 398
1 134 399
1 135 0
1 135 27
1 135 28
1 135 29
1 135 30
1 135 31
1 135 32
1 135 33
1 135 34
1 135 35
1 135 36
1 135 37
1 135 38
1 135 39
1 135 40
1 135 41
1 135 42
1 135 43
1 135 44
1 135 45
1 135 46
1 135 47
1 135 48
1 135 49
1 135 50
1 135 51
1 135 52
1 135 53
1 135 54
1 135 55
1 135 56
1 135 57
1 135 58
1 135 59
1 135 60
1 135 61
1 135 195
1 135 196
1 135 197
1 135 198
1 135 199
1 135 200
1 135 201
1 135 202
1 135 203
1 135 204
1 135 205
1 135 206
1 135 207
1 135 208
1 135 209
1 135 210
1 135 211
1 135 212
1 135 213
1 135 214
1 135 215
1 135 216
1 135 217
1 135 218
1 135 219
1 135 220
1 135 221
1 135 222
1 135 223
1 135 224
1 135 225
1 135 226
1 135 227
1 135 228
1 135 229
1 135 230
1 135 231
1 135 232
1 135 233
1 135 234
1 135 235
1 135 236
1 135 360
1 135 361
1 135 362
1 135 363
1 135 364
1 135 365
1 135 366
1 135 367
1 135 368
1 135 369
1 135 370
1 135 371
1 135 372
1 135 373
1 135 374
1 135 375
1 135 376
1 135 377
1 135 378
1 135 379
1 135 380
1 135 381
1 135 382
1 135 383
1 135 384
1 135 385
1 135 386
1 135 387
1 135 388
1 135 389
1 135 390
1 135 391
1 135 392
1 135 393
1 135 394
1 135 395
1 135 396
1 135 397
1 135 398
1 135 399
1 136 0
1 136 27
1 136 28
1 136 29
1 136 30
1 136 31
1 136 32
1 136 33
1 136 34
1 136 35
1 136 36
1 136 37
1 136 38
1 136 39
1 136 40
1 136 41
1 136 42
1 136 43
1 136 44
1 136 45
1 136 46
1 136 47
1 136 48
1 136 49
1 136 50
1 136 51
1 136 52
1 136 53
1 136 54
1 136 55
1 136 56
1 136 57
1 136 58
1 136 59
1 136 60
1 136 61
1 136 195
1 136 196
1 136 197
1 136 198
1 136 199
1 136 200
1 136 201
1 136 202
1 136 203
1 136 204
1 136 205
1 136 206
1 136 207
1 136 208
1 136 209
1 136 210
1 136 211
1 136 212
1 136 213
1 136 214
1 136 215
1 136 216
1 136 217
1 136 218
1 136 219
1 136 220
1 136 221
1 136 222
1 136 223
1 136 224
1 136 225
1 136 226
1 136 227
1 136 228
1 136 229
1 136 230
1 136 231
1 136 232
1 136 233
1 136 234
1 136 235
1 136 236
1 136 399
1 137 0
1 137 27
1 137 28
1 137 29
1 137 30
1 137 31
1 137 32
1 137 33
1 137 34
1 137 35
1 137 36
1 137 37
1 137 38
1 137 39
1 137 40
1 137 41
1 137 42
1 137 43
1 137 44
1 137 45
1 137 46
1 137 47
1 137 48
1 137 49
1 137 50
1 137 51
1 137 52
1 137 53
1 137 54
1 137 55
1 137 56
1 137 57
1 137 58
1 137 59
1 137 60
1 137 61
1 137 195
1 137 196
1 137 197
1 137 198
1 137 199
1 137 200
1 137 201
1 137 202
1 137 203
1 137 204
1 137 205
1 137 206
1 137 207
1 137 208
1 137 209
1 137 210
1 137 211
1 137 212
1 137 213
1 137 214
1 137 215
1 137 216
1 137 217
1 137 218
1 137 219
1 137 220
1 137 221
1 137 222
1 137 223
1 137 224
1 137 225
1 137 226
1 137 227
1 137 228
1 137 229
1 137 230
1 137 231
1 137 232
1 137 233
1 137 234
1 137 235
1 137 236
1 137 399
1 138 0
1 138 27
1 138 28
1 138 29
1 138 30
1 138 31
1 138 32
1 138 33
1 138 34
1 138 35
1 138 36
1 138 37
1 138 38
1 138 39
1 138 40
1 138 41
1 138 42
1 138 43
1 138 44
1 138 45
1 138 46
1 138 47
1 138 48
1 138 49
1 138 50
1 138 51
1 138 52
1 138 53
1 138 54
1 138 55
1 138 56
1 138 57
1 138 58
1 138 59
1 138 60
1 138 61
1 138 196
1 138 197
1 138 198
1 138 199
1 138 200
1 138 201
1 138 202
1 138 203
1 138 204
1 138 205
1 138 206
1 138 207
1 138 208
1 138 209
1 138 210
1 138 211
1 138 212
1 138 213
1 138 214
1 138 215
1 138 216
1 138 217
1 138 218
1 138 219
1 138 220
1 138 221
1 138 222
1 138 223
1 138 224
1 138 225
1 138 226
1 138 227
1 138 228
1 138 229
1 138 230
1 138 231
1 138 232
1 138 233
1 138 234
1 138 235
1 138 399
1 139 0
1 139 27
1 139 28
1 139 29
1 139 30
1 139 31
1 139 32
1 139 33
1 139 34
1 139 35
1 139 36
1 139 37
1 139 38
1 139 39
1 139 40
1 139 41
1 139 42
1 139 43
1 139 44
1 139 45
1 139 46
1 139 47
1 139 48
1 139 49
1 139 50
1 139 51
1 139 52
1 139 53
1 139 54
1 139 55
1 139 56
1 139 57
1 139 58
1 139 59
1 139 60
1 139 61
1 139 196
1 139 197
1 139 198
1 139 199
1 139 200
1 139 201
1 139 202
1 139 203
1 139 204
1 139 205
1 139 206
1 139 207
1 139 208
1 139 209
1 139 210
1 139 211
1 139 212
1 139 213
1 139 214
1 139 215
1 139 216
1 139 217
1 139 218
1 139 219
1 139 220
1 139 221
1 139 222
1 139 223
1 139 224
1 139 225
1 139 226
1 139 227
1 139 228
1 139 229
1 139 230
1 139 231
1 139 232
1 139 233
1 139 234
1 139 235
1 139 399
1 140 0
1 140 27
1 140 28
1 140 29
1 140 30
1 140 31
1 140 32
1 140 33
1 140 34
1 140 35
1 140 36
1 140 37
1 140 38
1 140 39
1 140 40
1 140 41
1 140 42
1 140 43
1 140 44
1 140 45
1 140 46
1 140 47
1 140 48
1 140 49
1 140 50
1 140 51
1 140 52
1 140 53
1 140 54
1 140 55
1 140 56
1 140 57
1 140 58
1 140 59
1 140 60
1 140 61
1 140 167
1 140 168
1 140 169
1 140 197
1 140 198
1 140 199
1 140 200
1 140 201
1 140 202
1 140 203
1 140 204
1 140 205
1 140 206
1 140 207
1 140 208
1 140 209
1 140 210
1 140 211
1 140 212
1 140 213
1 140 214
1 140 215
1 140 216
1 140 217
1 140 218
1 140 219
1 140 220
1 140 221
1 140 222
1 140 223
1 140 224
1 140 225
1 140 226
1 140 227
1 140 228
1 140 229
1 140 230
1 140 231
1 140 232
1 140 233
1 140 234
1 140 399
1 141 0
1 141 27
1 141 28
1 141 29
1 141 30
1 141 31
1 141 32
1 141 33
1 141 34
1 141 35
1 141 36
1 141 37
1 141 38
1 141 39
1 141 40
1 141 41
1 141 42
1 141 43
1 141 44
1 141 45
1 141 46
1 141 47
1 141 48
1 141 49
1 141 50
1 141 51
1 141 52
1 141 53
1 141 54
1 141 55
1 141 56
1 141 57
1 141 58
1 141 59
1 141 60
1 141 61
1 141 164
1 141 165
1 141 166
1 141 167
1 141 168
1 141 169
1 141 170
1 141 197
1 141 198
1 141 199
1 141 200
1 141 201
1 141 202
1 141 203
1 141 204
1 141 205
1 141 206
1 141 207
1 141 208
1 141 209
1 141 210
1 141 211
1 141 212
1 141 213
1 141 214
1 141 215
1 141 216
1 141 217
1 141 218
1 141 219
1 141 220
1 141 221
1 141 222
1 141 223
1 141 224
1 141 225
1 141 226
1 141 227
1 141 228
1 141 229
1 141 230
1 141 231
1 141 232
1 141 233
1 141 234
1 141 399
1 142 0
1 142 27
1 142 28
1 142 29
1 142 30
1 142 31
1 142 32
1 142 33
1 142 34
1 142 35
1 142 36
1 142 37
1 142 38
1 142 39
1 142 40
1 142 41
1 142 42
1 142 43
1 142 44
1 142 45
1 142 46
1 142 47
1 142 48
1 142 49
1 142 50
1 142 51
1 142 52
1 142 53
1 142 54
1 142 55
1 142 56
1 142 57
1 142 58
1 142 59
1 142 60
1 142 61
1 142 161
1 142 162
1 142 163
1 142 164
1 142 165
1 142 166
1 142 167
1 142 168
1 142 169
1 142 170
1 142 197
1 142 198
1 142 199
1 142 200
1 142 201
1 142 202
1 142 203
1 142 204
1 142 205
1 142 206
1 142 207
1 142 208
1 142 209
1 142 210
1 142 211
1 142 212
1 142 213
1 142 214
1 142 215
1 142 216
1 142 217
1 142 218
1 142 219
1 142 220
1 142 221
1 142 222
1 142 223
1 142 224
1 142 225
1 142 226
1 142 227
1 142 228
1 142 229
1 142 230
1 142 231
1 142 232
1 142 233
1 142 234
1 142 399
1 143 0
1 143 27
1 143 28
1 143 29
1 143 30
1 143 31
1 143 32
1 143 33
1 143 34
1 143 35
1 143 36
1 143 37
1 143 38
1 143 39
1 143 40
1 143 41
1 143 42
1 143 43
1 143 44
1 143 45
1 143 46
1 143 47
1 143 48
1 143 49
1 143 50
1 143 51
1 143 52
1 143 53
1 143 54
1 143 55
1 143 56
1 143 57
1 143 58
1 143 59
1 143 60
1 143 61
1 143 159
1 143 160
1 143 161
1 143 162
1 143 163
1 143 164
1 143 165
1 143 166
1 143 167
1 143 168
1 143 169
1 143 170
1 143 198
1 143 199
1 143 200
1 143 201
1 143 202
1 143 203
1 143 204
1 143 205
1 143 206
1 143 207
1 143 208
1 143 209
1 143 210
1 143 211
1 143 212
1 143 213
1 143 214
1 143 215
1 143 216
1 143 217
1 143 218
1 143 219
1 143 220
1 143 221
1 143 222
1 143 223
1 143 224
1 143 225
1 143 226
1 143 227
1 143 228
1 143 229
1 143 230
1 143 231
1 143 232
1 143 233
1 143 399
1 144 0
1 144 27
1 144 28
1 144 29
1 144 30
1 144 31
1 144 32
1 144 33
1 144 34
1 144 35
1 144 36
1 144 37
1 144 38
1 144 39
1 144 40
1 144 41
1 144 42
1 144 43
1 144 44
1 144 45
1 144 46
1 144 47
1 144 48
1 144 49
1 144 50
1 144 51
1 144 52
1 144 53
1 144 54
1 144 55
1 144 56
1 144 57
1 144 58
1 144 59
1 144 60
1 144 61
1 144 156
1 144 157
1 144 158
1 144 159
1 144 160
1 144 161
1 144 162
1 144 163
1 144 164
1 144 165
1 144 166
1 144 167
1 144 168
1 144 169
1 144 198
1 144 199
1 144 200
1 144 201
1 144 202
1 144 203
1 144 204
1 144 205
1 144 206
1 144 207
1 144 208
1 144 209
1 144 210
1 144 211
1 144 212
1 144 213
1 144 214
1 144 215
1 144 216
1 144 217
1 144 218
1 144 219
1 144 220
1 144 221
1 144 222
1 144 223
1 144 224
1 144 225
1 144 226
1 144 227
1 144 228
1 144 229
1 144 230
1 144 231
1 144 232
1 144 233
1 144 399
1 145 0
1 145 27
1 145 28
1 145 29
1 145 30
1 145 31
1 145 32
1 145 33
1 145 34
1 145 35
1 145 36
1 145 37
1 145 38
1 145 39
1 145 40
1 145 41
1 145 42
1 145 43
1 145 44
1 145 45
1 145 46
1 145 47
1 145 48
1 145 49
1 145 50
1 145 51
1 145 52
1 145 53
1 145 54
1 145 55
1 145 56
1 145 57
1 145 58
1 145 59
1 145 60
1 145 61
1 145 153
1 145 154
1 145 155
1 145 156
1 145 157
1 145 158
1 145 159
1 145 160
1 145 161
1 145 162
1 145 163
1 145 164
1 145 165
1 145 166
1 145 167
1 145 168
1 145 169
1 145 198
1 145 199
1 145 200
1 145 201
1 145 202
1 145 203
1 145 204
1 145 205
1 145 206
1 145 207
1 145 208
1 145 209
1 145 210
1 145 211
1 145 212
1 145 213
1 145 214
1 145 215
1 145 216
1 145 217
1 145 218
1 145 219
1 145 220
1 145 221
1 145 222
1 145 223
1 145 224
1 145 225
1 145 226
1 145 227
1 145 228
1 145 229
1 145 230
1 145 231
1 145 232
1 145 233
1 145 399
1 146 0
1 146 27
1 146 28
1 146 29
1 146 30
1 146 31
1 146 32
1 146 33
1 146 34
1 146 35
1 146 36
1 146 37
1 146 38
1 146 39
1 146 40
1 146 41
1 146 42
1 146 43
1 146 44
1 146 45
1 146 46
1 146 47
1 146 48
1 146 49
1 146 50
1 146 51
1 146 52
1 146 53
1 146 54
1 146 55
1 146 56
1 146 57
1 146 58
1 146 59
1 146 60
1 146 61
1 146 151
1 146 152
1 146 153
1 146 154
1 146 155
1 146 156
1 146 157
1 146 158
1 146 159
1 146 160
1 146 161
1 146 162
1 146 163
1 146 164
1 146 165
1 146 166
1 146 167
1 146 168
1 146 199
1 146 200
1 146 201
1 146 202
1 146 203
1 146 204
1 146 205
1 146 206
1 146 207
1 146 208
1 146 209
1 146 210
1 146 211
1 146 212
1 146 213
1 146 214
1 146 215
1 146 216
1 146 217
1 146 218
1 146 219
1 146 220
1 146 221
1 146 222
1 146 223
1 146 224
1 146 225
1 146 226
1 146 227
1 146 228
1 146 229
1 146 230
1 146 231
1 146 232
1 146 399
1 147 0
1 147 27
1 147 28
1 147 29
1 147 30
1 147 31
1 147 32
1 147 33
1 147 34
1 147 35
1 147 36
1 147 37
1 147 38
1 147 39
1 147 40
1 147 41
1 147 42
1 147 43
1 147 44
1 147 45
1 147 46
1 147 47
1 147 48
1 147 49
1 147 50
1 147 51
1 147 52
1 147 53
1 147 54
1 147 55
1 147 56
1 147 57
1 147 58
1 147 59
1 147 60
1 147 61
1 147 149
1 147 150
1 147 151
1 147 152
1 147 153
1 147 154
1 147 155
1 147 156
1 147 157
1 147 158
1 147 159
1 147 160
1 147 161
1 147 162
1 147 163
1 147 164
1 147 165
1 147 166
1 147 167
1 147 199
1 147 200
1 147 201
1 147 202
1 147 203
1 147 204
1 147 205
1 147 206
1 147 207
1 147 208
1 147 209
1 147 210
1 147 211
1 147 212
1 147 213
1 147 214
1 147 215
1 147 216
1 147 217
1 147 218
1 147 219
1 147 220
1 147 221
1 147 222
1 147 223
1 147 224
1 147 225
1 147 226
1 147 227
1 147 228
1 147 229
1 147 230
1 147 231
1 147 232
1 147 399
1 148 0
1 148 27
1 148 28
1 148 29
1 148 30
1 148 31
1 148 32
1 148 33
1 148 34
1 148 35
1 148 36
1 148 37
1 148 38
1 148 39
1 148 40
1 148 41
1 148 42
1 148 43
1 148 44
1 148 45
1 148 46
1 148 47
1 148 48
1 148 49
1 148 50
1 148 51
1 148 52
1 148 53
1 148 54
1 148 55
1 148 56
1 148 57
1 148 58
1 148 59
1 148 60
1 148 61
1 148 144
1 148 145
1 148 146
1 148 147
1 148 148
1 148 149
1 148 150
1 148 151
1 148 152
1 148 153
1 148 154
1 148 155
1 148 156
1 148 157
1 148 158
1 148 159
1 148 160
1 148 161
1 148 162
1 148 163
1 148 164
1 148 165
1 148 166
1 148 167
1 148 200
1 148 201
1 148 202
1 148 203
1 148 204
1 148 205
1 148 206
1 148 207
1 148 208
1 148 209
1 148 210
1 148 211
1 148 212
1 148 213
1 148 214
1 148 215
1 148 216
1 148 217
1 148 218
1 148 219
1 148 220
1 148 221
1 148 222
1 148 223
1 148 224
1 148 225
1 148 226
1 148 227
1 148 228
1 148 229
1 148 230
1 148 231
1 148 399
1 149 0
1 149 27
1 149 28
1 149 29
1 149 30
1 149 31
1 149 32
1 149 33
1 149 34
1 149 35
1 149 36
1 149 37
1 149 38
1 149 39
1 149 40
1 149 41
1 149 42
1 149 43
1 149 44
1 149 45
1 149 46
1 149 47
1 149 48
1 149 49
1 149 50
1 149 51
1 149 52
1 149 53
1 149 54
1 149 55
1 149 56
1 149 57
1 149 58
1 149 59
1 149 60
1 149 61
1 149 141
1 149 142
1 149 143
1 149 144
1 149 145
1 149 146
1 149 147
1 149 148
1 149 149
1 149 150
1 149 151
1 149 152
1 149 153
1 149 154
1 149 155
1 149 156
1 149 157
1 149 158
1 149 159
1 149 160
1 149 161
1 149 162
1 149 163
1 149 164
1 149 165
1 149 399
1 150 0
1 150 27
1 150 28
1 150 29
1 150 30
1 150 31
1 150 32
1 150 33
1 150 34
1 150 35
1 150 36
1 150 37
1 150 38
1 150 39
1 150 40
1 150 41
1 150 42
1 150 43
1 150 44
1 150 45
1 150 46
1 150 47
1 150 48
1 150 49
1 150 50
1 150 51
1 150 52
1 150 53
1 150 54
1 150 55
1 150 56
1 150 57
1 150 58
1 150 59
1 150 60
1 150 61
1 150 138
1 150 139
1 150 140
1 150 141
1 150 142
1 150 143
1 150 144
1 150 145
1 150 146
1 150 147
1 150 148
1 150 149
1 150 150
1 150 151
1 150 152
1 150 153
1 150 154
1 150 155
1 150 156
1 150 157
1 150 158
1 150 159
1 150 160
1 150 161
1 150 162
1 150 163
1 150 164
1 150 165
1 150 399
1 151 0
1 151 27
1 151 28
1 151 29
1 151 30
1 151 31
1 151 32
1 151 33
1 151 34
1 151 35
1 151 36
1 151 37
1 151 38
1 151 39
1 151 40
1 151 41
1 151 42
1 151 43
1 151 44
1 151 45
1 151 46
1 151 47
1 151 48
1 151 49
1 151 50
1 151 51
1 151 52
1 151 53
1 151 54
1 151 55
1 151 56
1 151 57
1 151 58
1 151 59
1 151 60
1 151 61
1 151 136
1 151 137
1 151 138
1 151 139
1 151 140
1 151 141
1 151 142
1 151 143
1 151 144
1 151 145
1 151 146
1 151 147
1 151 148
1 151 149
1 151 150
1 151 151
1 151 152
1 151 153
1 151 154
1 151 155
1 151 156
1 151 157
1 151 158
1 151 159
1 151 160
1 151 161
1 151 162
1 151 163
1 151 164
1 151 399
1 152 0
1 152 27
1 152 28
1 152 29
1 152 30
1 152 31
1 152 32
1 152 33
1 152 34
1 152 35
1 152 36
1 152 37
1 152 38
1 152 39
1 152 40
1 152 41
1 152 42
1 152 43
1 152 44
1 152 45
1 152 46
1 152 47
1 152 48
1 152 49
1 152 50
1 152 51
1 152 52
1 152 53
1 152 54
1 152 55
1 152 56
1 152 57
1 152 58
1 152 59
1 152 60
1 152 61
1 152 135
1 152 136
1 152 137
1 152 138
1 152 139
1 152 140
1 152 141
1 152 142
1 152 143
1 152 144
1 152 145
1 152 146
1 152 147
1 152 148
1 152 149
1 152 150
1 152 151
1 152 152
1 152 153
1 152 154
1 152 155
1 152 156
1 152 157
1 152 158
1 152 159
1 152 160
1 152 161
1 152 162
1 152 163
1 152 399
1 153 0
1 153 27
1 153 28
1 153 29
1 153 30
1 153 31
1 153 32
1 153 33
1 153 34
1 153 35
1 153 36
1 153 37
1 153 38
1 153 39
1 153 40
1 153 41
1 153 42
1 153 43
1 153 44
1 153 45
1 153 46
1 153 47
1 153 48
1 153 49
1 153 50
1 153 51
1 153 52
1 153 53
1 153 54
1 153 55
1 153 56
1 153 57
1 153 58
1 153 59
1 153 60
1 153 61
1 153 135
1 153 136
1 153 137
1 153 138
1 153 139
1 153 140
1 153 141
1 153 142
1 153 143
1 153 144
1 153 145
1 153 146
1 153 147
1 153 148
1 153 149
1 153 150
1 153 151
1 153 152
1 153 153
1 153 154
1 153 155
1 153 156
1 153 157
1 153 158
1 153 159
1 153 160
1 153 161
1 153 162
1 153 163
1 153 399
1 154 0
1 154 27
1 154 28
1 154 29
1 154 30
1 154 31
1 154 32
1 154 33
1 154 34
1 154 35
1 154 36
1 154 37
1 154 38
1 154 39
1 154 40
1 154 41
1 154 42
1 154 43
1 154 44
1 154 45
1 154 46
1 154 47
1 154 48
1 154 49
1 154 50
1 154 51
1 154 52
1 154 53
1 154 54
1 154 55
1 154 56
1 154 57
1 154 58
1 154 59
1 154 60
1 154 61
1 154 135
1 154 136
1 154 137
1 154 138
1 154 139
1 154 140
1 154 141
1 154 142
1 154 143
1 154 144
1 154 145
1 154 146
1 154 147
1 154 148
1 154 149
1 154 150
1 154 151
1 154 152
1 154 153
1 154 154
1 154 155
1 154 156
1 154 157
1 154 158
1 154 159
1 154 160
1 154 161
1 154 162
1 154 399
1 155 0
1 155 27
1 155 28
1 155 29
1 155 30
1 155 31
1 155 32
1 155 33
1 155 34
1 155 35
1 155 36
1 155 37
1 155 38
1 155 39
1 155 40
1 155 41
1 155 42
1 155 43
1 155 44
1 155 45
1 155 46
1 155 47
1 155 48
1 155 49
1 155 50
1 155 51
1 155 52
1 155 53
1 155 54
1 155 55
1 155 56
1 155 57
1 155 58
1 155 59
1 155 60
1 155 61
1 155 136
1 155 137
1 155 138
1 155 139
1 155 140
1 155 141
1 155 142
1 155 143
1 155 144
1 155 145
1 155 146
1 155 147
1 155 148
1 155 149
1 155 150
1 155 151
1 155 152
1 155 153
1 155 154
1 155 155
1 155 156
1 155 157
1 155 158
1 155 159
1 155 160
1 155 161
1 155 399
1 156 0
1 156 27
1 156 28
1 156 29
1 156 30
1 156 31
1 156 32
1 156 33
1 156 34
1 156 35
1 156 36
1 156 37
1 156 38
1 156 39
1 156 40
1 156 41
1 156 42
1 156 43
1 156 44
1 156 45
1 156 46
1 156 47
1 156 48
1 156 49
1 156 50
1 156 51
1 156 52
1 156 53
1 156 54
1 156 55
1 156 56
1 156 57
1 156 58
1 156 59
1 156 60
1 156 61
1 156 139
1 156 140
1 156 141
1 156 142
1 156 143
1 156 144
1 156 145
1 156 146
1 156 147
1 156 148
1 156 149
1 156 150
1 156 151
1 156 152
1 156 153
1 156 154
1 156 155
1 156 156
1 156 157
1 156 158
1 156 159
1 156 160
1 156 161
1 156 399
1 157 0
1 157 27
1 157 28
1 157 29
1 157 30
1 157 31
1 157 32
1 157 33
1 157 34
1 157 35
1 157 36
1 157 37
1 157 38
1 157 39
1 157 40
1 157 41
1 157 42
1 157 43
1 157 44
1 157 45
1 157 46
1 157 47
1 157 48
1 157 49
1 157 50
1 157 51
1 157 52
1 157 53
1 157 54
1 157 55
1 157 56
1 157 57
1 157 58
1 157 59
1 157 60
1 157 61
1 157 142
1 157 143
1 157 144
1 157 145
1 157 146
1 157 147
1 157 148
1 157 149
1 157 150
1 157 151
1 157 152
1 157 153
1 157 154
1 157 155
1 157 156
1 157 157
1 157 158
1 157 159
1 157 160
1 157 161
1 157 162
1 157 315
1 157 316
1 157 317
1 157 318
1 157 319
1 157 320
1 157 399
1 158 0
1 158 27
1 158 28
1 158 29
1 158 30
1 158 31
1 158 32
1 158 33
1 158 34
1 158 35
1 158 36
1 158 37
1 158 38
1 158 39
1 158 40
1 158 41
1 158 42
1 158 43
1 158 44
1 158 45
1 158 46
1 158 47
1 158 48
1 158 49
1 158 50
1 158 51
1 158 52
1 158 53
1 158 54
1 158 55
1 158 56
1 158 57
1 158 58
1 158 59
1 158 60
1 158 61
1 158 150
1 158 151
1 158 152
1 158 153
1 158 154
1 158 155
1 158 156
1 158 157
1 158 158
1 158 159
1 158 160
1 158 161
1 158 162
1 158 163
1 158 164
1 158 165
1 158 166
1 158 314
1 158 315
1 158 316
1 158 317
1 158 318
1 158 319
1 158 320
1 158 321
1 158 322
1 158 323
1 158 399
1 159 0
1 159 90
1 159 91
1 159 92
1 159 152
1 159 153
1 159 154
1 159 155
1 159 156
1 159 157
1 159 158
1 159 159
1 159 160
1 159 161
1 159 162
1 159 163
1 159 164
1 159 165
1 159 166
1 159 167
1 159 168
1 159 169
1 159 314
1 159 315
1 159 316
1 159 317
1 159 318
1 159 319
1 159 320
1 159 321
1 159 322
1 159 323
1 159 324
1 159 325
1 159 399
1 160 0
1 160 89
1 160 90
1 160 91
1 160 92
1 160 93
1 160 152
1 160 153
1 160 154
1 160 155
1 160 156
1 160 157
1 160 158
1 160 159
1 160 160
1 160 161
1 160 162
1 160 163
1 160 164
1 160 165
1 160 166
1 160 167
1 160 168
1 160 169
1 160 170
1 160 314
1 160 315
1 160 316
1 160 317
1 160 318
1 160 319
1 160 320
1 160 321
1 160 322
1 160 323
1 160 324
1 160 325
1 160 326
1 160 327
1 160 328
1 160 399
1 161 0
1 161 89
1 161 90
1 161 91
1 161 92
1 161 93
1 161 152
1 161 153
1 161 154
1 161 155
1 161 156
1 161 157
1 161 158
1 161 159
1 161 160
1 161 161
1 161 162
1 161 163
1 161 164
1 161 165
1 161 166
1 161 167
1 161 168
1 161 169
1 161 170
1 161 314
1 161 315
1 161 316
1 161 317
1 161 318
1 161 319
1 161 320
1 161 321
1 161 322
1 161 323
1 161 324
1 161 325
1 161 326
1 161 327
1 161 328
1 161 329
1 161 330
1 161 331
1 161 399
1 162 0
1 162 89
1 162 90
1 162 91
1 162 92
1 162 93
1 162 151
1 162 152
1 162 153
1 162 154
1 162 155
1 162 156
1 162 157
1 162 158
1 162 159
1 162 160
1 162 161
1 162 162
1 162 163
1 162 164
1 162 165
1 162 166
1 162 167
1 162 168
1 162 169
1 162 170
1 162 286
1 162 287
1 162 288
1 162 289
1 162 290
1 162 291
1 162 292
1 162 293
1 162 294
1 162 295
1 162 296
1 162 297
1 162 298
1 162 299
1 162 300
1 162 301
1 162 302
1 162 303
1 162 304
1 162 305
1 162 306
1 162 307
1 162 308
1 162 309
1 162 310
1 162 311
1 162 312
1 162 313
1 162 314
1 162 315
1 162 316
1 162 317
1 162 318
1 162 319
1 162 320
1 162 321
1 162 322
1 162 323
1 162 324
1 162 325
1 162 326
1 162 327
1 162 328
1 162 329
1 162 330
1 162 331
1 162 332
1 162 333
1 162 399
1 163 0
1 163 89
1 163 90
1 163 91
1 163 92
1 163 93
1 163 150
1 163 151
1 163 152
1 163 153
1 163 154
1 163 155
1 163 156
1 163 157
1 163 158
1 163 159
1 163 160
1 163 161
1 163 162
1 163 163
1 163 164
1 163 165
1 163 166
1 163 167
1 163 168
1 163 169
1 163 285
1 163 286
1 163 287
1 163 288
1 163 289
1 163 290
1 163 291
1 163 292
1 163 293
1 163 294
1 163 295
1 163 296
1 163 297
1 163 298
1 163 299
1 163 300
1 163 301
1 163 302
1 163 303
1 163 304
1 163 305
1 163 306
1 163 307
1 163 308
1 163 309
1 163 310
1 163 311
1 163 312
1 163 313
1 163 314
1 163 315
1 163 316
1 163 317
1 163 318
1 163 319
1 163 320
1 163 321
1 163 322
1 163 323
1 163 324
1 163 325
1 163 326
1 163 327
1 163 328
1 163 329
1 163 330
1 163 331
1 163 332
1 163 333
1 163 334
1 163 335
1 163 336
1 163 399
1 164 0
1 164 89
1 164 90
1 164 91
1 164 92
1 164 93
1 164 150
1 164 151
1 164 152
1 164 153
1 164 154
1 164 155
1 164 156
1 164 157
1 164 158
1 164 159
1 164 160
1 164 161
1 164 162
1 164 163
1 164 164
1 164 165
1 164 166
1 164 167
1 164 285
1 164 286
1 164 287
1 164 288
1 164 289
1 164 290
1 164 291
1 164 292
1 164 293
1 164 294
1 164 295
1 164 296
1 164 297
1 164 298
1 164 299
1 164 300
1 164 301
1 164 302
1 164 303
1 164 304
1 164 305
1 164 306
1 164 307
1 164 308
1 164 309
1 164 310
1 164 311
1 164 312
1 164 313
1 164 314
1 164 315
1 164 316
1 164 317
1 164 318
1 164 319
1 164 320
1 164 321
1 164 322
1 164 323
1 164 324
1 164 325
1 164 326
1 164 327
1 164 328
1 164 329
1 164 330
1 164 331
1 164 332
1 164 333
1 164 334
1 164 335
1 164 336
1 164 337
1 164 338
1 164 399
1 165 0
1 165 89
1 165 90
1 165 91
1 165 92
1 165 93
1 165 150
1 165 151
1 165 152
1 165 153
1 165 154
1 165 155
1 165 156
1 165 157
1 165 158
1 165 159
1 165 160
1 165 161
1 165 162
1 165 163
1 165 164
1 165 165
1 165 285
1 165 286
1 165 287
1 165 288
1 165 289
1 165 290
1 165 291
1 165 292
1 165 293
1 165 294
1 165 295
1 165 296
1 165 297
1 165 298
1 165 299
1 165 300
1 165 301
1 165 302
1 165 303
1 165 304
1 165 305
1 165 306
1 165 307
1 165 308
1 165 309
1 165 310
1 165 311
1 165 312
1 165 313
1 165 314
1 165 315
1 165 316
1 165 317
1 165 318
1 165 319
1 165 320
1 165 321
1 165 322
1 165 323
1 165 324
1 165 325
1 165 326
1 165 327
1 165 328
1 165 329
1 165 330
1 165 331
1 165 332
1 165 333
1 165 334
1 165 335
1 165 336
1 165 337
1 165 338
1 165 339
1 165 340
1 165 341
1 165 399
1 166 0
1 166 89
1 166 90
1 166 91
1 166 92
1 166 93
1 166 150
1 166 151
1 166 152
1 166 153
1 166 154
1 166 155
1 166 156
1 166 157
1 166 158
1 166 159
1 166 160
1 166 161
1 166 162
1 166 163
1 166 285
1 166 286
1 166 287
1 166 288
1 166 289
1 166 290
1 166 291
1 166 292
1 166 293
1 166 294
1 166 295
1 166 296
1 166 297
1 166 298
1 166 299
1 166 300
1 166 301
1 166 302
1 166 303
1 166 304
1 166 305
1 166 306
1 166 307
1 166 308
1 166 309
1 166 310
1 166 311
1 166 312
1 166 313
1 166 314
1 166 315
1 166 316
1 166 317
1 166 318
1 166 319
1 166 320
1 166 321
1 166 322
1 166 323
1 166 324
1 166 325
1 166 326
1 166 327
1 166 328
1 166 329
1 166 330
1 166 331
1 166 332
1 166 333
1 166 334
1 166 335
1 166 336
1 166 337
1 166 338
1 166 339
1 166 340
1 166 341
1 166 342
1 166 343
1 166 399
1 167 0
1 167 89
1 167 90
1 167 91
1 167 92
1 167 93
1 167 148
1 167 149
1 167 150
1 167 151
1 167 152
1 167 153
1 167 154
1 167 155
1 167 156
1 167 157
1 167 158
1 167 159
1 167 160
1 167 161
1 167 162
1 167 285
1 167 286
1 167 287
1 167 288
1 167 289
1 167 290
1 167 291
1 167 292
1 167 293
1 167 294
1 167 295
1 167 296
1 167 297
1 167 298
1 167 299
1 167 300
1 167 301
1 167 302
1 167 303
1 167 304
1 167 305
1 167 306
1 167 307
1 167 308
1 167 309
1 167 310
1 167 311
1 167 312
1 167 313
1 167 314
1 167 315
1 167 316
1 167 317
1 167 318
1 167 319
1 167 320
1 167 321
1 167 322
1 167 323
1 167 324
1 167 325
1 167 326
1 167 327
1 167 328
1 167 329
1 167 330
1 167 331
1 167 332
1 167 333
1 167 334
1 167 335
1 167 336
1 167 337
1 167 338
1 167 339
1 167 340
1 167 341
1 167 342
1 167 343
1 167 344
1 167 345
1 167 346
1 167 347
1 167 399
1 168 0
1 168 89
1 168 90
1 168 91
1 168 92
1 168 93
1 168 148
1 168 149
1 168 150
1 168 151
1 168 152
1 168 153
1 168 154
1 168 155
1 168 156
1 168 157
1 168 158
1 168 285
1 168 286
1 168 287
1 168 288
1 168 289
1 168 290
1 168 291
1 168 292
1 168 293
1 168 294
1 168 295
1 168 296
1 168 297
1 168 298
1 168 299
1 168 300
1 168 301
1 168 302
1 168 303
1 168 304
1 168 305
1 168 306
1 168 307
1 168 308
1 168 309
1 168 310
1 168 311
1 168 312
1 168 313
1 168 314
1 168 315
1 168 316
1 168 317
1 168 318
1 168 319
1 168 320
1 168 321
1 168 322
1 168 323
1 168 324
1 168 325
1 168 326
1 168 327
1 168 328
1 168 329
1 168 330
1 168 331
1 168 332
1 168 333
1 168 334
1 168 335
1 168 336
1 168 337
1 168 338
1 168 339
1 168 340
1 168 341
1 168 342
1 168 343
1 168 344
1 168 345
1 168 346
1 168 347
1 168 348
1 168 399
1 169 0
1 169 89
1 169 90
1 169 91
1 169 92
1 169 93
1 169 147
1 169 148
1 169 149
1 169 150
1 169 151
1 169 152
1 169 153
1 169 154
1 169 155
1 169 156
1 169 285
1 169 286
1 169 287
1 169 288
1 169 289
1 169 290
1 169 291
1 169 292
1 169 293
1 169 294
1 169 295
1 169 296
1 169 297
1 169 298
1 169 299
1 169 300
1 169 301
1 169 302
1 169 303
1 169 304
1 169 305
1 169 306
1 169 307
1 169 308
1 169 309
1 169 310
1 169 311
1 169 312
1 169 313
1 169 314
1 169 315
1 169 316
1 169 317
1 169 318
1 169 319
1 169 320
1 169 321
1 169 322
1 169 323
1 169 324
1 169 325
1 169 326
1 169 327
1 169 328
1 169 329
1 169 330
1 169 331
1 169 332
1 169 333
1 169 334
1 169 335
1 169 336
1 169 337
1 169 338
1 169 339
1 169 340
1 169 341
1 169 342
1 169 343
1 169 344
1 169 345
1 169 346
1 169 347
1 169 348
1 169 399
1 170 0
1 170 89
1 170 90
1 170 91
1 170 92
1 170 93
1 170 146
1 170 147
1 170 148
1 170 149
1 170 150
1 170 151
1 170 152
1 170 153
1 170 154
1 170 285
1 170 286
1 170 287
1 170 288
1 170 289
1 170 290
1 170 291
1 170 292
1 170 293
1 170 294
1 170 295
1 170 296
1 170 297
1 170 298
1 170 299
1 170 300
1 170 301
1 170 302
1 170 303
1 170 304
1 170 305
1 170 306
1 170 307
1 170 308
1 170 309
1 170 310
1 170 311
1 170 312
1 170 313
1 170 314
1 170 315
1 170 316
1 170 317
1 170 318
1 170 319
1 170 320
1 170 321
1 170 322
1 170 323
1 170 324
1 170 325
1 170 326
1 170 327
1 170 328
1 170 329
1 170 330
1 170 331
1 170 332
1 170 333
1 170 334
1 170 335
1 170 336
1 170 337
1 170 338
1 170 339
1 170 340
1 170 341
1 170 342
1 170 343
1 170 344
1 170 345
1 170 346
1 170 347
1 170 399
1 171 0
1 171 89
1 171 90
1 171 91
1 171 92
1 171 93
1 171 146
1 171 147
1 171 148
1 171 149
1 171 150
1 171 151
1 171 152
1 171 285
1 171 286
1 171 287
1 171 288
1 171 289
1 171 290
1 171 291
1 171 292
1 171 293
1 171 294
1 171 295
1 171 296
1 171 297
1 171 298
1 171 299
1 171 300
1 171 301
1 171 302
1 171 303
1 171 304
1 171 305
1 171 306
1 171 307
1 171 308
1 171 309
1 171 310
1 171 311
1 171 312
1 171 313
1 171 314
1 171 315
1 171 316
1 171 317
1 171 318
1 171 319
1 171 320
1 171 321
1 171 322
1 171 323
1 171 324
1 171 325
1 171 326
1 171 327
1 171 328
1 171 329
1 171 330
1 171 331
1 171 332
1 171 333
1 171 334
1 171 335
1 171 336
1 171 337
1 171 338
1 171 339
1 171 340
1 171 341
1 171 342
1 171 343
1 171 344
1 171 345
1 171 346
1 171 399
1 172 0
1 172 89
1 172 90
1 172 91
1 172 92
1 172 93
1 172 146
1 172 147
1 172 148
1 172 149
1 172 150
1 172 285
1 172 286
1 172 287
1 172 288
1 172 289
1 172 290
1 172 291
1 172 292
1 172 293
1 172 294
1 172 295
1 172 296
1 172 297
1 172 298
1 172 299
1 172 300
1 172 301
1 172 302
1 172 303
1 172 304
1 172 305
1 172 306
1 172 307
1 172 308
1 172 309
1 172 310
1 172 311
1 172 312
1 172 313
1 172 314
1 172 315
1 172 316
1 172 317
1 172 318
1 172 319
1 172 320
1 172 321
1 172 322
1 172 323
1 172 324
1 172 325
1 172 326
1 172 327
1 172 328
1 172 329
1 172 330
1 172 331
1 172 332
1 172 333
1 172 334
1 172 335
1 172 336
1 172 337
1 172 338
1 172 339
1 172 340
1 172 341
1 172 342
1 172 343
1 172 344
1 172 399
1 173 0
1 173 89
1 173 90
1 173 91
1 173 92
1 173 93
1 173 147
1 173 148
1 173 149
1 173 285
1 173 286
1 173 287
1 173 288
1 173 289
1 173 290
1 173 291
1 173 292
1 173 293
1 173 294
1 173 295
1 173 296
1 173 297
1 173 298
1 173 299
1 173 300
1 173 301
1 173 302
1 173 303
1 173 304
1 173 305
1 173 306
1 173 307
1 173 308
1 173 309
1 173 310
1 173 311
1 173 312
1 173 313
1 173 314
1 173 315
1 173 316
1 173 317
1 173 318
1 173 319
1 173 320
1 173 321
1 173 322
1 173 323
1 173 324
1 173 325
1 173 326
1 173 327
1 173 328
1 173 329
1 173 330
1 173 331
1 173 332
1 173 333
1 173 334
1 173 335
1 173 336
1 173 337
1 173 338
1 173 339
1 173 340
1 173 341
1 173 399
1 174 0
1 174 89
1 174 90
1 174 91
1 174 92
1 174 93
1 174 285
1 174 286
1 174 287
1 174 288
1 174 289
1 174 290
1 174 291
1 174 292
1 174 293
1 174 294
1 174 295
1 174 296
1 174 297
1 174 298
1 174 299
1 174 300
1 174 301
1 174 302
1 174 303
1 174 304
1 174 305
1 174 306
1 174 307
1 174 308
1 174 309
1 174 310
1 174 311
1 174 312
1 174 313
1 174 314
1 174 315
1 174 316
1 174 317
1 174 318
1 174 319
1 174 320
1 174 321
1 174 322
1 174 323
1 174 324
1 174 325
1 174 326
1 174 327
1 174 328
1 174 329
1 174 330
1 174 331
1 174 332
1 174 333
1 174 334
1 174 335
1 174 336
1 174 337
1 174 338
1 174 399
1 175 0
1 175 89
1 175 90
1 175 91
1 175 92
1 175 93
1 175 285
1 175 286
1 175 287
1 175 288
1 175 289
1 175 290
1 175 291
1 175 292
1 175 293
1 175 294
1 175 295
1 175 296
1 175 297
1 175 298
1 175 299
1 175 300
1 175 301
1 175 302
1 175 303
1 175 304
1 175 305
1 175 306
1 175 307
1 175 308
1 175 309
1 175 310
1 175 311
1 175 312
1 175 313
1 175 314
1 175 315
1 175 316
1 175 317
1 175 318
1 175 319
1 175 320
1 175 321
1 175 322
1 175 323
1 175 324
1 175 325
1 175 326
1 175 327
1 175 328
1 175 329
1 175 330
1 175 331
1 175 332
1 175 333
1 175 334
1 175 335
1 175 336
1 175 399
1 176 0
1 176 89
1 176 90
1 176 91
1 176 92
1 176 93
1 176 286
1 176 287
1 176 288
1 176 289
1 176 290
1 176 291
1 176 292
1 176 293
1 176 294
1 176 295
1 176 296
1 176 297
1 176 298
1 176 299
1 176 300
1 176 301
1 176 302
1 176 303
1 176 304
1 176 305
1 176 306
1 176 307
1 176 308
1 176 309
1 176 310
1 176 311
1 176 312
1 176 313
1 176 314
1 176 315
1 176 316
1 176 317
1 176 318
1 176 319
1 176 320
1 176 321
1 176 322
1 176 323
1 176 324
1 176 325
1 176 326
1 176 327
1 176 328
1 176 329
1 176 330
1 176 331
1 176 332
1 176 333
1 176 399
1 177 0
1 177 89
1 177 90
1 177 91
1 177 92
1 177 93
1 177 314
1 177 315
1 177 316
1 177 317
1 177 318
1 177 319
1 177 320
1 177 321
1 177 322
1 177 323
1 177 324
1 177 325
1 177 326
1 177 327
1 177 328
1 177 399
1 178 0
1 178 89
1 178 90
1 178 91
1 178 92
1 178 93
1 178 314
1 178 315
1 178 316
1 178 317
1 178 318
1 178 319
1 178 320
1 178 321
1 178 322
1 178 323
1 178 324
1 178 325
1 178 326
1 178 399
1 179 0
1 179 89
1 179 90
1 179 91
1 179 92
1 179 93
1 179 314
1 179 315
1 179 316
1 179 317
1 179 318
1 179 319
1 179 320
1 179 321
1 179 322
1 179 323
1 179 399
1 180 0
1 180 89
1 180 90
1 180 91
1 180 92
1 180 93
1 180 315
1 180 316
1 180 317
1 180 318
1 180 319
1 180 320
1 180 399
1 181 0
1 181 89
1 181 90
1 181 91
1 181 92
1 181 93
1 181 316
1 181 317
1 181 318
1 181 399
1 182 0
1 182 89
1 182 90
1 182 91
1 182 92
1 182 93
1 182 399
1 183 0
1 183 89
1 183 90
1 183 91
1 183 92
1 183 93
1 183 399
1 184 0
1 184 89
1 184 90
1 184 91
1 184 92
1 184 93
1 184 399
1 185 0
1 185 89
1 185 90
1 185 91
1 185 92
1 185 93
1 185 399
1 186 0
1 186 89
1 186 90
1 186 91
1 186 92
1 186 93
1 186 399
1 187 0
1 187 89
1 187 90
1 187 91
1 187 92
1 187 93
1 187 399
1 188 0
1 188 89
1 188 90
1 188 91
1 188 92
1 188 93
1 188 399
1 189 0
1 189 89
1 189 90
1 189 91
1 189 92
1 189 93
1 189 399
1 190 0
1 190 89
1 190 90
1 190 91
1 190 92
1 190 93
1 190 399
1 191 0
1 191 89
1 191 90
1 191 91
1 191 92
1 191 93
1 191 399
1 192 0
1 192 89
1 192 90
1 192 91
1 192 92
1 192 93
1 192 399
1 193 0
1 193 89
1 193 90
1 193 91
1 193 92
1 193 93
1 193 399
1 194 0
1 194 89
1 194 90
1 194 91
1 194 92
1 194 93
1 194 399
1 195 0
1 195 89
1 195 90
1 195 91
1 195 92
1 195 93
1 195 399
1 196 0
1 196 89
1 196 90
1 196 91
1 196 92
1 196 93
1 196 399
1 197 0
1 197 89
1 197 90
1 197 91
1 197 92
1 197 93
1 197 399
1 198 0
1 198 89
1 198 90
1 198 91
1 198 92
1 198 93
1 198 399
1 199 0
1 199 1
1 199 2
1 199 3
1 199 4
1 199 5
1 199 6
1 199 7
1 199 8
1 199 9
1 199 10
1 199 11
1 199 12
1 199 13
1 199 14
1 199 15
1 199 16
1 199 17
1 199 18
1 199 19
1 199 20
1 199 21
1 199 22
1 199 23
1 199 24
1 199 25
1 199 26
1 199 27
1 199 28
1 199 29
1 199 30
1 199 31
1 199 32
1 199 33
1 199 34
1 199 35
1 199 36
1 199 37
1 199 38
1 199 39
1 199 40
1 199 41
1 199 42
1 199 43
1 199 44
1 199 45
1 199 46
1 199 47
1 199 48
1 199 49
1 199 50
1 199 51
1 199 52
1 199 53
1 199 54
1 199 55
1 199 56
1 199 57
1 199 58
1 199 59
1 199 60
1 199 61
1 199 62
1 199 63
1 199 64
1 199 65
1 199 66
1 199 67
1 199 68
1 199 69
1 199 70
1 199 71
1 199 72
1 199 73
1 199 74
1 199 75
1 199 76
1 199 77
1 199 78
1 199 79
1 199 80
1 199 81
1 199 82
1 199 83
1 199 84
1 199 85
1 199 86
1 199 87
1 199 88
1 199 89
1 199 90
1 199 91
1 199 92
1 199 93
1 199 94
1 199 95
1 199 96
1 199 97
1 199 98
1 199 99
1 199 100
1 199 101
1 199 102
1 199 103
1 199 104
1 199 105
1 199 106
1 199 107
1 199 108
1 199 109
1 199 110
1 199 111
1 199 112
1 199 113
1 199 114
1 199 115
1 199 116
1 199 117
1 199 118
1 199 119
1 199 120
1 199 121
1 199 122
1 199 123
1 199 124
1 199 125
1 199 126
1 199 127
1 199 128
1 199 129
1 199 130
1 199 131
1 199 132
1 199 133
1 199 134
1 199 135
1 199 136
1 199 137
1 199 138
1 199 139
1 199 140
1 199 141
1 199 142
1 199 143
1 199 144
1 199 145
1 199 146
1 199 147
1 199 148
1 199 149
1 199 150
1 199 151
1 199 152
1 199 153
1 199 154
1 199 155
1 199 156
1 199 157
1 199 158
1 199 159
1 199 160
1 199 161
1 199 162
1 199 163
1 199 164
1 199 165
1 199 166
1 199 167
1 199 168
1 199 169
1 199 170
1 199 171
1 199 172
1 199 173
1 199 174
1 199 175
1 199 176
1 199 177
1 199 178
1 199 179
1 199 180
1 199 181
1 199 182
1 199 183
1 199 184
1 199 185
1 199 186
1 199 187
1 199 188
1 199 189
1 199 190
1 199 191
1 199 192
1 199 193
1 199 194
1 199 195
1 199 196
1 199 197
1 199 198
1 199 199
1 199 200
1 199 201
1 199 202
1 199 203
1 199 204
1 199 205
1 199 206
1 199 207
1 199 208
1 199 209
1 199 210
1 199 211
1 199 212
1 199 213
1 199 214
1 199 215
1 199 216
1 199 217
1 199 218
1 199 219
1 199 220
1 199 221
1 199 222
1 199 223
1 199 224
1 199 225
1 199 226
1 199 227
1 199 228
1 199 229
1 199 230
1 199 231
1 199 232
1 199 233
1 199 234
1 199 235
1 199 236
1 199 237
1 199 238
1 199 239
1 199 240
1 199 241
1 199 242
1 199 243
1 199 244
1 199 245
1 199 246
1 199 247
1 199 248
1 199 249
1 199 250
1 199 251
1 199 252
1 199 253
1 199 254
1 199 255
1 199 256
1 199 257
1 199 258
1 199 259
1 199 260
1 199 261
1 199 262
1 199 263
1 199 264
1 199 265
1 199 266
1 199 267
1 199 268
1 199 269
1 199 270
1 199 271
1 199 272
1 199 273
1 199 274
1 199 275
1 199 276
1 199 277
1 199 278
1 199 279
1 199 280
1 199 281
1 199 282
1 199 283
1 199 284
1 199 285
1 199 286
1 199 287
1 199 288
1 199 289
1 199 290
1 199 291
1 199 292
1 199 293
1 199 294
1 199 295
1 199 296
1 199 297
1 199 298
1 199 299
1 199 300
1 199 301
1 199 302
1 199 303
1 199 304
1 199 305
1 199 306
1 199 307
1 199 308
1 199 309
1 199 310
1 199 311
1 199 312
1 199 313
1 199 314
1 199 315
1 199 316
1 199 317
1 199 318
1 199 319
1 199 320
1 199 321
1 199 322
1 199 323
1 199 324
1 199 325
1 199 326
1 199 327
1 199 328
1 199 329
1 199 330
1 199 331
1 199 332
1 199 333
1 199 334
1 199 335
1 199 336
1 199 337
1 199 338
1 199 339
1 199 340
1 199 341
1 199 342
1 199 343
1 199 344
1 199 345
1 199 346
1 199 347
1 199 348
1 199 349
1 199 350
1 199 351
1 199 352
1 199 353
1 199 354
1 199 355
1 199 356
1 199 357
1 199 358
1 199 359
1 199 360
1 199 361
1 199 362
1 199 363
1 199 364
1 199 365
1 199 366
1 199 367
1 199 368
1 199 369
1 199 370
1 199 371
1 199 372
1 199 373
1 199 374
1 199 375
1 199 376
1 199 377
1 199 378
1 199 379
1 199 380
1 199 381
1 199 382
1 199 383
1 199 384
1 199 385
1 199 386
1 199 387
1 199 388
1 199 389
1 199 390
1 199 391
1 199 392
1 199 393
1 199 394
1 199 395
1 199 396
1 199 397
1 199 398
1 199 399
